x,y,z,utc,rm,dbm,tx_gain,cable_loss
0.025721906661987304,0.46242074584960935,1.3127181396484375,13:02:17,"[0.9957234263420105, 0.09128996729850769, -0.014176287688314915, -0.09106357395648956, 0.9957185983657837, 0.01587037928402424, 0.015564399771392345, -0.014511564746499062, 0.9997735619544983]",-32.905059138162905,100,3.72
0.027788799285888673,0.4672813415527344,1.3133134765625,13:02:18,"[0.995603084564209, 0.09274506568908691, -0.013145902194082737, -0.09259230643510818, 0.9956343173980713, 0.011789257638156414, 0.01418190635740757, -0.010520211420953274, 0.9998440742492676]",-32.905059138162905,100,3.72
0.03964761734008789,0.4850336608886719,1.3167568359375,13:02:19,"[0.9953699111938477, 0.0927792340517044, -0.02511373534798622, -0.09286718815565109, 0.9956757426261902, -0.0023561171256005764, 0.024786537513136864, 0.004677450284361839, 0.999681830406189]",-32.75874874563483,100,3.72
0.03901590347290039,0.48344696044921875,1.3165699462890625,13:02:20,"[0.9952895045280457, 0.09391739964485168, -0.024047741666436195, -0.09395812451839447, 0.9955759644508362, -0.0005667504738084972, 0.023888126015663147, 0.002823561429977417, 0.9997106790542603]",-33.29866820180778,100,3.72
0.039567760467529293,0.48463796997070313,1.3167076416015624,13:02:21,"[0.995248019695282, 0.09378352761268616, -0.026192259043455124, -0.09387535601854324, 0.995581328868866, -0.0022960270289331675, 0.025861194357275963, 0.004743923898786306, 0.9996542930603027]",-33.19062618487745,100,3.72
0.03852035903930664,0.48414093017578125,1.3166026611328125,13:02:22,"[0.9958668351173401, 0.08604822307825089, -0.0290689654648304, -0.08613691478967667, 0.9962816834449768, -0.001810499932616949, 0.028805088251829147, 0.004306927789002657, 0.9995757937431335]",-33.19062618487745,100,3.72
0.02847733688354492,0.4696963806152344,1.3139873046875,13:02:23,"[0.9979271292686462, 0.06113471835851669, -0.020098678767681122, -0.06103665381669998, 0.9981206059455872, 0.005457446910440922, 0.020394545048475266, -0.004219377879053354, 0.9997830986976624]",-33.04898492268357,100,3.72
0.03468585586547852,0.4790493469238281,1.315913818359375,13:02:24,"[0.997566282749176, 0.06433016061782837, -0.026891600340604782, -0.06440498679876328, 0.9979220032691956, -0.0019246070878580213, 0.026711909100413322, 0.0036518762353807688, 0.9996365308761597]",-33.49117023273583,100,3.72
0.03808079528808594,0.4857601623535156,1.3167447509765624,13:02:25,"[0.9980693459510803, 0.05692991614341736, -0.02483166754245758, -0.057005420327186584, 0.9983711242675781, -0.002342804102227092, 0.0246578436344862, 0.0037538204342126846, 0.9996889233589172]",-32.894057395866874,100,3.72
0.034766170501708986,0.48044442749023436,1.31590380859375,13:02:26,"[0.9978629946708679, 0.062373608350753784, -0.019468236714601517, -0.06240876764059067, 0.9980499744415283, -0.0012030989164486527, 0.019355231896042824, 0.0024155164137482643, 0.999809741973877]",-33.249572054024156,100,3.72
0.03623684692382813,0.4827956848144531,1.3163311767578125,13:02:27,"[0.9980878829956055, 0.05826709046959877, -0.020628048107028008, -0.058292824774980545, 0.9982993006706238, -0.0006480104057118297, 0.02055520750582218, 0.0018492385279387236, 0.9997870326042175]",-33.61026155668595,100,3.72
0.037614330291748044,0.48648538208007813,1.3170728759765624,13:02:28,"[0.9980340003967285, 0.057140469551086426, -0.0257504191249609, -0.057244010269641876, 0.9983547329902649, -0.0033012421336025, 0.025519419461488724, 0.004768809303641319, 0.9996629357337952]",-33.26190387215992,100,3.72
0.0376993408203125,0.486671875,1.3170518798828126,13:02:29,"[0.9980137348175049, 0.057458922266960144, -0.02582681179046631, -0.05757348611950874, 0.9983343482017517, -0.003713743994012475, 0.025570405647158623, 0.005193307064473629, 0.999659538269043]",-33.26190387215992,100,3.72
0.028955581665039063,0.471165283203125,1.31454931640625,13:02:30,"[0.9978299736976624, 0.0628836378455162, -0.01951957307755947, -0.06281396746635437, 0.9980165958404541, 0.004162565339356661, 0.019742613658308983, -0.002927430672571063, 0.9998008012771606]",-33.30924166500064,100,3.72
0.027648653030395508,0.47152197265625,1.314431640625,13:02:31,"[0.9981440305709839, 0.05894208699464798, -0.015308325178921223, -0.05890001356601715, 0.9982588291168213, 0.0031851520761847496, 0.01546940952539444, -0.0022775798570364714, 0.9998777508735657]",-33.75962314587841,100,3.72
0.023048151016235353,0.46349627685546874,1.3126322021484376,13:02:32,"[0.998278796672821, 0.05784398317337036, -0.009670938365161419, -0.057726845145225525, 0.998260498046875, 0.0119822071865201, 0.01034721452742815, -0.011403310112655163, 0.9998814463615417]",-33.95023202015633,100,3.72
0.038963497161865236,0.48144442749023436,1.3161434326171875,13:02:33,"[0.9342478513717651, 0.3565696179866791, -0.0062511940486729145, -0.3565357029438019, 0.9342628717422485, 0.005928627215325832, 0.007954226806759834, -0.0033100333530455828, 0.9999628663063049]",-32.76522688980988,100,3.72
0.37169110107421877,0.4492257080078125,1.3184395751953124,13:02:34,"[0.9915387034416199, -0.11779726296663284, -0.05454222485423088, 0.11838420480489731, 0.9929383993148804, 0.007647172547876835, 0.05325625464320183, -0.01403940562158823, 0.9984821677207947]",-34.01877155464775,100,3.72
0.3830841979980469,0.46316769409179687,1.313089111328125,13:02:35,"[0.9902899861335754, -0.13454701006412506, -0.03496995195746422, 0.13503345847129822, 0.9907692074775696, 0.011931437999010086, 0.033041812479496, -0.016537697985768318, 0.9993171095848083]",-34.01877155464775,100,3.72
0.38009619140625,0.46192227172851563,1.3129219970703125,13:02:36,"[0.9903448820114136, -0.13525338470935822, -0.03038892149925232, 0.13572420179843903, 0.9906477928161621, 0.013995255343616009, 0.028211813420057297, -0.01798464171588421, 0.9994401931762695]",-36.77256661675528,100,3.72
0.37733489990234376,0.46454879760742185,1.31312109375,13:02:37,"[0.9898791313171387, -0.13675734400749207, -0.0379038080573082, 0.1372094750404358, 0.9904956817626953, 0.0095830038189888, 0.03623301163315773, -0.014686777256429195, 0.9992354512214661]",-37.03069228287327,100,3.72
0.3684013977050781,0.4810151062011719,1.31194970703125,13:02:38,"[0.9920262098312378, -0.1231486052274704, -0.026803161948919296, 0.12315621227025986, 0.9923863410949707, -0.0013730799546465278, 0.026768183335661888, -0.0019388445653021336, 0.9996398091316223]",-36.86567066571813,100,3.72
0.36822195434570315,0.4805950317382813,1.3117200927734376,13:02:39,"[0.9921090602874756, -0.12280639261007309, -0.025262150913476944, 0.12283141165971756, 0.992427408695221, -0.0005646030185744166, 0.02514018677175045, -0.00254283775575459, 0.9996806979179382]",-35.25707413219329,100,3.72
0.36463250732421876,0.4700735473632813,1.3118995361328125,13:02:40,"[0.9940363168716431, -0.10404153913259506, -0.03266725689172745, 0.10413671284914017, 0.9945622682571411, 0.0012209396809339523, 0.03236259147524834, -0.004615519195795059, 0.9994655251502991]",-36.00749840087411,100,3.72
0.35978390502929686,0.4717255859375,1.3119891357421876,13:02:41,"[0.996344804763794, -0.08286242932081223, -0.020756321027874947, 0.08291660249233246, 0.9965549111366272, 0.0017617092235013843, 0.02053883485496044, -0.0034763135481625795, 0.9997830390930176]",-36.00749840087411,100,3.72
0.35978128051757813,0.4723524169921875,1.3120196533203126,13:02:42,"[0.9963505864143372, -0.08248157054185867, -0.021960997954010963, 0.08252914249897003, 0.996587872505188, 0.0012672536540776491, 0.021781539544463158, -0.0030750513542443514, 0.9997580051422119]",-35.89730442112583,100,3.72
0.35995840454101563,0.47227777099609375,1.31208203125,13:02:43,"[0.9962862133979797, -0.08319766074419022, -0.022178232669830322, 0.0832439437508583, 0.9965285062789917, 0.0011702716583386064, 0.02200387790799141, -0.0030121291056275368, 0.9997533559799194]",-36.36855275717536,100,3.72
0.3616723327636719,0.4722348327636719,1.311820068359375,13:02:44,"[0.9962143301963806, -0.08294374495744705, -0.02602470852434635, 0.08299355208873749, 0.9965497255325317, 0.0008377499761991203, 0.025865431874990463, -0.0029944616835564375, 0.9996609687805176]",-36.03655790643242,100,3.72
0.36201229858398437,0.4720482177734375,1.31183740234375,13:02:45,"[0.9961428642272949, -0.08368943631649017, -0.02637237124145031, 0.08374227583408356, 0.996487021446228, 0.0009035252151079476, 0.02620411105453968, -0.0031085226219147444, 0.9996517896652222]",-36.41477245560257,100,3.72
0.360251708984375,0.4721881408691406,1.3120399169921875,13:02:46,"[0.9962385892868042, -0.08367358893156052, -0.022525006905198097, 0.08372589945793152, 0.9964878559112549, 0.0013876225566491485, 0.02232978865504265, -0.0032683296594768763, 0.9997453093528748]",-36.54527159447166,100,3.72
0.35969976806640624,0.47224560546875,1.3120313720703125,13:02:47,"[0.9962912201881409, -0.08325953781604767, -0.021716341376304626, 0.08330663293600082, 0.9965231418609619, 0.001271500950679183, 0.02153497189283371, -0.003075900487601757, 0.9997633695602417]",-37.083222388412835,100,3.72
0.3605193176269531,0.4728688659667969,1.31219384765625,13:02:48,"[0.9963629245758057, -0.08166082203388214, -0.024340296164155006, 0.08168330788612366, 0.9966583251953125, -7.08056177245453e-05, 0.024264739826321602, -0.0019176476635038853, 0.9997037053108215]",-37.083222388412835,100,3.72
0.3597802734375,0.4722989501953125,1.311927490234375,13:02:49,"[0.9962943196296692, -0.08313257247209549, -0.022058403119444847, 0.08317966014146805, 0.9965338110923767, 0.0012243019882589579, 0.021880164742469788, -0.003054575528949499, 0.9997559189796448]",-36.25291127595778,100,3.72
0.36023587036132815,0.4727766418457031,1.3119984130859375,13:02:50,"[0.9963454008102417, -0.0821167528629303, -0.023510411381721497, 0.08215194940567017, 0.996619701385498, 0.0005334686138667166, 0.023387132212519646, -0.002462945180013776, 0.9997234344482422]",-37.7602780888388,100,3.72
0.3599396667480469,0.47265225219726564,1.31195849609375,13:02:51,"[0.9962745904922485, -0.08290857821702957, -0.023728756234049797, 0.08295784145593643, 0.9965524673461914, 0.001097545144148171, 0.023555954918265343, -0.003061942756175995, 0.9997178316116333]",-37.47356046775846,100,3.72
0.3601361694335937,0.4727832946777344,1.311982666015625,13:02:52,"[0.9962521195411682, -0.08304238319396973, -0.02420099638402462, 0.08308691531419754, 0.9965419769287109, 0.0008387904381379485, 0.024047652259469032, -0.002846432849764824, 0.9997067451477051]",-37.167288724545635,100,3.72
0.3601259765625,0.47245767211914064,1.311988525390625,13:02:53,"[0.9962883591651917, -0.08288028836250305, -0.023245345801115036, 0.08292967826128006, 0.9965547323226929, 0.0011669585946947336, 0.023068541660904884, -0.003090356243774295, 0.9997290968894958]",-37.77190601297478,100,3.72
0.36002908325195315,0.4723664855957031,1.3119666748046874,13:02:54,"[0.9962202906608582, -0.08376002311706543, -0.023009244352579117, 0.08380632102489471, 0.9964814782142639, 0.001053555286489427, 0.022840041667222977, -0.0029778932221233845, 0.9997346997261047]",-37.77190601297478,100,3.72
0.45679534912109376,0.4655777893066406,1.3144576416015625,13:02:55,"[0.988635241985321, -0.15032753348350525, -0.0014241929166018963, 0.1503242403268814, 0.9886343479156494, -0.0021918483544141054, 0.0017375011229887605, 0.0019528476987034082, 0.9999966025352478]",-37.509472249226434,100,3.72
0.7645821533203125,0.4727379150390625,1.3078270263671874,13:02:56,"[0.9747635126113892, 0.2212110459804535, -0.030028728768229485, -0.2213171124458313, 0.9752018451690674, -0.0002142976736649871, 0.02923666685819626, 0.006854760926216841, 0.9995490312576294]",-36.25799140519851,100,3.72
0.7616578979492188,0.47225390625,1.3075216064453126,13:02:57,"[0.9680639505386353, 0.24959337711334229, -0.023564444854855537, -0.24962621927261353, 0.9683409929275513, 0.0015849312767386436, 0.023214004933834076, 0.0043479884043335915, 0.9997210502624512]",-33.52657699702898,100,3.72
0.7613985595703125,0.47242733764648437,1.307960205078125,13:02:58,"[0.9678816795349121, 0.25023025274276733, -0.02428726851940155, -0.250272661447525, 0.9681744575500488, 0.001326839323155582, 0.023846328258514404, 0.0047942157834768295, 0.999704122543335]",-33.78113895343346,100,3.72
0.7393367309570312,0.48344064331054687,1.3088817138671875,13:02:59,"[0.9608986973762512, 0.27618253231048584, -0.019922681152820587, -0.27622759342193604, 0.9610921144485474, 0.0005074887885712087, 0.01928769052028656, 0.005015548784285784, 0.9998013973236084]",-34.44638310986778,100,3.72
0.7394490356445312,0.4834910888671875,1.3087525634765624,13:03:00,"[0.9608401656150818, 0.2763606011867523, -0.02027374505996704, -0.27640774846076965, 0.9610403180122375, 0.0004940927028656006, 0.019620433449745178, 0.005129076074808836, 0.9997943639755249]",-33.49201238185108,100,3.72
0.73947412109375,0.4833289794921875,1.3086695556640624,13:03:01,"[0.9604966640472412, 0.277589350938797, -0.01975506730377674, -0.27763575315475464, 0.9606863260269165, 0.00040866874041967094, 0.019091865047812462, 0.005092188250273466, 0.9998047947883606]",-33.49201238185108,100,3.72
0.7395003662109375,0.4833521728515625,1.308681396484375,13:03:02,"[0.9604899287223816, 0.27759024500846863, -0.02006847783923149, -0.27763697504997253, 0.9606859683990479, 0.0004745278274640441, 0.019411228597164154, 0.0051159728318452835, 0.9997984766960144]",-33.25787457106048,100,3.72
0.739431884765625,0.48338381958007814,1.30861669921875,13:03:03,"[0.9606277346611023, 0.2771523892879486, -0.019517071545124054, -0.27719902992248535, 0.9608124494552612, 0.0003284586127847433, 0.018843280151486397, 0.005094586871564388, 0.9998094439506531]",-33.16645423807738,100,3.72
0.7393860473632813,0.483354736328125,1.3086160888671876,13:03:04,"[0.9607003927230835, 0.27688437700271606, -0.019743064418435097, -0.27692773938179016, 0.9608905911445618, 0.0005572763038799167, 0.01912522502243519, 0.004932026378810406, 0.9998049139976501]",-33.407001745813886,100,3.72
0.739822998046875,0.48294491577148435,1.308655029296875,13:03:05,"[0.9603526592254639, 0.27808380126953125, -0.019803380593657494, -0.27811896800994873, 0.96054607629776, 0.0010114917531609535, 0.01930333860218525, 0.004536306951195002, 0.999803364276886]",-33.60745965100064,100,3.72
0.7405051879882812,0.48180972290039065,1.3087408447265625,13:03:06,"[0.9604949951171875, 0.2775491774082184, -0.02039051614701748, -0.27755624055862427, 0.9607060551643372, 0.0025395541451871395, 0.02029414288699627, 0.0032202862203121185, 0.9997888803482056]",-34.76265473884679,100,3.72
0.7405555419921875,0.48181494140625,1.30868115234375,13:03:07,"[0.9606257677078247, 0.27707698941230774, -0.020652202889323235, -0.2770785391330719, 0.9608430862426758, 0.0028437403962016106, 0.0206314604729414, 0.0029905117116868496, 0.9997826814651489]",-34.76265473884679,100,3.72
0.7407105712890625,0.48195538330078125,1.30875048828125,13:03:08,"[0.9606360197067261, 0.2770107686519623, -0.02105945162475109, -0.2770264446735382, 0.9608597159385681, 0.0022271908819675446, 0.020852133631706238, 0.0036945051979273558, 0.999775767326355]",-33.79505632926062,100,3.72
0.7408812866210938,0.48154718017578124,1.308826416015625,13:03:09,"[0.9609749913215637, 0.2758401036262512, -0.020958738401532173, -0.27583223581314087, 0.9612000584602356, 0.0033233733847737312, 0.02106226049363613, 0.0025874164421111345, 0.9997748136520386]",-32.409747420023066,100,3.72
0.7408905639648438,0.48174786376953127,1.308856689453125,13:03:10,"[0.9605200290679932, 0.2773594558238983, -0.021748490631580353, -0.277370423078537, 0.9607596397399902, 0.0025714545045048, 0.02160828933119774, 0.0035624545998871326, 0.9997601509094238]",-32.31980174833098,100,3.72
0.7409139404296875,0.4815650634765625,1.3088199462890624,13:03:11,"[0.9607016444206238, 0.2766643762588501, -0.02256575971841812, -0.2766643464565277, 0.9609613418579102, 0.003185291076079011, 0.02256607823073864, 0.003183026798069477, 0.9997403025627136]",-32.96001359696484,100,3.72
0.740973388671875,0.4815587158203125,1.308916748046875,13:03:12,"[0.9607315063476562, 0.27652156352996826, -0.02303810603916645, -0.2765229642391205, 0.9610020518302917, 0.003187785390764475, 0.023021157830953598, 0.0033079595305025578, 0.9997295141220093]",-33.29143271230635,100,3.72
0.7409103393554688,0.4815621643066406,1.308802978515625,13:03:13,"[0.9607936143875122, 0.2763913869857788, -0.021987279877066612, -0.27638763189315796, 0.9610406756401062, 0.003269277745857835, 0.02203427068889141, 0.0029359112959355116, 0.9997528791427612]",-33.14853990882595,100,3.72
0.7409387817382812,0.4815545654296875,1.3088267822265625,13:03:14,"[0.9607462286949158, 0.2765505909919739, -0.022056100890040398, -0.276549756526947, 0.9609944224357605, 0.003148792777210474, 0.022066591307520866, 0.0030744185205549, 0.9997517466545105]",-33.14853990882595,100,3.72
0.7409273681640625,0.4815023193359375,1.308826904296875,13:03:15,"[0.9608087539672852, 0.276322603225708, -0.022189157083630562, -0.2763174772262573, 0.9610605239868164, 0.003357605542987585, 0.022252904251217842, 0.002905234694480896, 0.999748170375824]",-32.76866438219798,100,3.72
0.7409911499023437,0.4815175476074219,1.3089598388671875,13:03:16,"[0.9611627459526062, 0.2750511169433594, -0.022650575265288353, -0.2750270962715149, 0.9614271521568298, 0.004230792168527842, 0.022940563037991524, 0.0021630420815199614, 0.9997344613075256]",-32.70180693822077,100,3.72
0.7410512084960937,0.4815398254394531,1.30889208984375,13:03:17,"[0.9607886075973511, 0.27630534768104553, -0.023250045254826546, -0.27630099654197693, 0.9610649347305298, 0.003463379805907607, 0.023301754146814346, 0.0030964347533881664, 0.9997236728668213]",-32.72593372222059,100,3.72
0.7408438110351563,0.4816719970703125,1.3087218017578126,13:03:18,"[0.9605404734611511, 0.2772876024246216, -0.021761219948530197, -0.27729061245918274, 0.9607815742492676, 0.0029385245870798826, 0.021722596138715744, 0.003211610484868288, 0.9997588992118835]",-32.781249811246234,100,3.72
0.7407567749023437,0.48169903564453126,1.30879541015625,13:03:19,"[0.960778534412384, 0.27643105387687683, -0.02214672602713108, -0.27643075585365295, 0.9610286951065063, 0.0031354327220469713, 0.022150371223688126, 0.0031095799058675766, 0.9997498393058777]",-32.27941809849496,100,3.72
0.740964599609375,0.4816922607421875,1.308726806640625,13:03:20,"[0.9609684348106384, 0.2758987545967102, -0.020481526851654053, -0.27589017152786255, 0.961183488368988, 0.0032989815808832645, 0.020596690475940704, 0.002480434952303767, 0.9997847676277161]",-32.27941809849496,100,3.72
0.7409120483398437,0.48164456176757814,1.308663330078125,13:03:21,"[0.9607465267181396, 0.2765727639198303, -0.021761689335107803, -0.2765713036060333, 0.9609882831573486, 0.003137212945148349, 0.02178039588034153, 0.0030045921448618174, 0.999758243560791]",-32.16839884806363,100,3.72
0.7805601806640625,0.47277197265625,1.30774169921875,13:03:22,"[0.9632397294044495, 0.2677403688430786, -0.022006161510944366, -0.26778072118759155, 0.963479220867157, 0.0011470166500657797, 0.021509580314159393, 0.004787974059581757, 0.9997571706771851]",-33.356981998711724,100,3.72
1.056967041015625,0.449955078125,1.3007933349609375,13:03:23,"[0.9218174815177917, 0.38718488812446594, -0.018450750038027763, -0.3871493935585022, 0.921999990940094, 0.005603902041912079, 0.01918133720755577, 0.0019774220418184996, 0.9998140931129456]",-33.47047474830495,100,3.72
1.0520260009765625,0.4524433288574219,1.3007667236328124,13:03:24,"[0.9225823879241943, 0.3855150640010834, -0.014828451909124851, -0.3854985237121582, 0.9226994514465332, 0.004073952790349722, 0.015252775512635708, 0.001957789296284318, 0.9998817443847656]",-30.81906041715183,100,3.72
1.0522030029296876,0.45223040771484374,1.300825927734375,13:03:25,"[0.922465443611145, 0.38574209809303284, -0.0161423459649086, -0.38572612404823303, 0.9226036667823792, 0.004217215348035097, 0.01651974581182003, 0.002336289267987013, 0.9998608231544495]",-31.204757766347356,100,3.72
1.0519461669921875,0.45244451904296873,1.3008114013671874,13:03:26,"[0.9224222898483276, 0.38585442304611206, -0.015922358259558678, -0.3858431279659271, 0.9225561618804932, 0.0038996534422039986, 0.016193967312574387, 0.002546404954046011, 0.9998656511306763]",-31.204757766347356,100,3.72
1.0518878173828126,0.45234530639648435,1.3008055419921876,13:03:27,"[0.9226011633872986, 0.38547810912132263, -0.014618282206356525, -0.385463148355484, 0.9227148294448853, 0.003940851893275976, 0.015007617883384228, 0.0019989742431789637, 0.9998853802680969]",-30.8030038138006,100,3.72
1.05215185546875,0.4524483642578125,1.3008245849609374,13:03:28,"[0.9227313995361328, 0.3851134777069092, -0.015950283035635948, -0.3850988745689392, 0.9228662252426147, 0.00409975228831172, 0.016298847272992134, 0.0023594661615788937, 0.999864399433136]",-30.616854828122968,100,3.72
1.052,0.4523913269042969,1.300806396484375,13:03:29,"[0.9224371314048767, 0.3858286440372467, -0.015685366466641426, -0.3858157992362976, 0.9225673675537109, 0.0039595733396708965, 0.01599852368235588, 0.0023992047645151615, 0.9998691082000732]",-30.684720693421248,100,3.72
1.0517427978515625,0.45231448364257815,1.3007568359375,13:03:30,"[0.9220774173736572, 0.3867363929748535, -0.014428946189582348, -0.3867257535457611, 0.9221876263618469, 0.003633219515904784, 0.014711294323205948, 0.0022299354895949364, 0.9998893141746521]",-30.311725839713525,100,3.72
1.051924560546875,0.4523993835449219,1.300816650390625,13:03:31,"[0.922703742980957, 0.3852155804634094, -0.01505656074732542, -0.38519883155822754, 0.9228244423866272, 0.004114368464797735, 0.015479481779038906, 0.0020034261979162693, 0.9998781681060791]",-30.37473211352078,100,3.72
1.0518377685546876,0.452344970703125,1.3007982177734374,13:03:32,"[0.9223987460136414, 0.3859337568283081, -0.015353159047663212, -0.38591957092285156, 0.9225237965583801, 0.0039963792078197, 0.01570599153637886, 0.002238829620182514, 0.9998741745948792]",-30.588627271742773,100,3.72
1.0517928466796875,0.4523581848144531,1.300742919921875,13:03:33,"[0.9225953817367554, 0.3855022192001343, -0.014344943687319756, -0.3854905664920807, 0.9227044582366943, 0.0036811858881264925, 0.014655248261988163, 0.0021335952915251255, 0.9998903274536133]",-30.588627271742773,100,3.72
1.0518585205078126,0.452345703125,1.3008077392578126,13:03:34,"[0.922137975692749, 0.3865550756454468, -0.01538741122931242, -0.38654667139053345, 0.9222626686096191, 0.003636379027739167, 0.015596895478665829, 0.002594709163531661, 0.999875009059906]",-30.61643363343469,100,3.72
1.0519984130859374,0.4523965454101562,1.30084765625,13:03:35,"[0.9224874973297119, 0.3856987953186035, -0.015914086252450943, -0.3856869637966156, 0.9226213097572327, 0.0039302268996834755, 0.01619855873286724, 0.002512270351871848, 0.9998656511306763]",-30.5270992780181,100,3.72
1.051912109375,0.4523725891113281,1.300783935546875,13:03:36,"[0.9223789572715759, 0.3859994411468506, -0.014883013442158699, -0.3859899938106537, 0.9224958419799805, 0.0036191910039633512, 0.015126524493098259, 0.00240642880089581, 0.999882698059082]",-30.159610402292458,100,3.72
1.05193115234375,0.45241049194335936,1.300754638671875,13:03:37,"[0.9223710894584656, 0.3859900236129761, -0.015596585348248482, -0.3859795331954956, 0.9224995374679565, 0.0037987958639860153, 0.015854140743613243, 0.002516062930226326, 0.9998711347579956]",-30.28937009682995,100,3.72
1.0518314208984374,0.4523604736328125,1.3007513427734374,13:03:38,"[0.9225903153419495, 0.3854907155036926, -0.014965932816267014, -0.38547685742378235, 0.9227091670036316, 0.003914495464414358, 0.015318205580115318, 0.002157545182853937, 0.999880313873291]",-30.20788322181116,100,3.72
1.0518265380859375,0.4523978881835938,1.3007908935546875,13:03:39,"[0.9226020574569702, 0.3854450583457947, -0.015412554144859314, -0.3854317367076874, 0.9227279424667358, 0.003945127595216036, 0.0157422237098217, 0.00230070436373353, 0.9998734593391418]",-30.20788322181116,100,3.72
1.0518936767578124,0.4522830505371094,1.300779296875,13:03:40,"[0.9221077561378479, 0.38664016127586365, -0.015055925585329533, -0.3866299092769623, 0.9222275018692017, 0.003701959503814578, 0.015316314995288849, 0.002407465595752001, 0.999879777431488]",-30.755288659081486,100,3.72
1.052094970703125,0.4519473876953125,1.3007894287109374,13:03:41,"[0.9223604202270508, 0.38601669669151306, -0.015568466857075691, -0.38599300384521484, 0.922490119934082, 0.004619924817234278, 0.016145125031471252, 0.0017480835085734725, 0.9998681545257568]",-30.262518762396624,100,3.72
1.2291463623046874,0.4576469116210938,1.29884765625,13:03:42,"[0.9124540686607361, 0.40879711508750916, -0.017676999792456627, -0.4088001251220703, 0.9126167893409729, 0.003607609076425433, 0.017607107758522034, 0.003934582695364952, 0.9998372197151184]",-30.344114578107792,100,3.72
1.324465576171875,0.446681396484375,1.2966981201171874,13:03:43,"[0.9086998105049133, 0.4171009659767151, -0.017071515321731567, -0.4170442819595337, 0.9088597893714905, 0.006925198249518871, 0.018404120579361916, 0.000826651172246784, 0.9998303055763245]",-30.00120838306635,100,3.72
1.381058349609375,0.452154541015625,1.297445556640625,13:03:44,"[0.9425870180130005, 0.33343634009361267, -0.01870550960302353, -0.33324483036994934, 0.9427554607391357, 0.012651992030441761, 0.021853353828191757, -0.005692089907824993, 0.9997450113296509]",-29.38450492467493,100,3.72
1.3992386474609375,0.47120648193359377,1.2965029296875,13:03:45,"[0.9240844249725342, 0.38194817304611206, -0.01354946754872799, -0.38191545009613037, 0.9241836071014404, 0.005027598235756159, 0.014442477375268936, 0.0005288257380016148, 0.9998955726623535]",-29.38450492467493,100,3.72
1.399272705078125,0.47074533081054687,1.2964091796875,13:03:46,"[0.9238914251327515, 0.38238397240638733, -0.0143907330930233, -0.38235369324684143, 0.924003005027771, 0.004908949136734009, 0.015174183994531631, 0.0009670135914348066, 0.9998844265937805]",-29.18005614528927,100,3.72
1.3969344482421875,0.4709411315917969,1.2960789794921874,13:03:47,"[0.9160899519920349, 0.4006841480731964, -0.015211233869194984, -0.4006553590297699, 0.9162150621414185, 0.005029095336794853, 0.015951840206980705, 0.001487358589656651, 0.9998716711997986]",-29.49655455365241,100,3.72
1.3967967529296874,0.4704693298339844,1.29609228515625,13:03:48,"[0.915830135345459, 0.40126359462738037, -0.015577917918562889, -0.4012371897697449, 0.915960967540741, 0.004923108499497175, 0.016244228929281235, 0.0017417087219655514, 0.9998665452003479]",-29.7585042294891,100,3.72
1.396626220703125,0.4703606262207031,1.296059326171875,13:03:49,"[0.9162353277206421, 0.4003700613975525, -0.014720650389790535, -0.4003373682498932, 0.9163528680801392, 0.005233201198279858, 0.015584527514874935, 0.001098382519558072, 0.9998779296875]",-29.699166232884203,100,3.72
1.39673681640625,0.4704424743652344,1.296158935546875,13:03:50,"[0.9160107374191284, 0.4008380174636841, -0.015914343297481537, -0.40081095695495605, 0.9161471724510193, 0.004993420094251633, 0.01658143289387226, 0.0018046173499897122, 0.9998608827590942]",-29.22344056648616,100,3.72
1.3967666015625,0.47044805908203124,1.2961046142578125,13:03:51,"[0.9160156846046448, 0.40082669258117676, -0.015912843868136406, -0.40079936385154724, 0.9161521792411804, 0.005009747575968504, 0.016586625948548317, 0.0017888504080474377, 0.9998608231544495]",-29.22344056648616,100,3.72
1.3968475341796875,0.4705291748046875,1.2961300048828126,13:03:52,"[0.9162325859069824, 0.40033140778541565, -0.0158926323056221, -0.4003008008003235, 0.9163690209388733, 0.005201791878789663, 0.01664595678448677, 0.0015957823488861322, 0.9998601675033569]",-29.257696596101482,100,3.72
1.396616943359375,0.4704884948730469,1.2960626220703124,13:03:53,"[0.9160304069519043, 0.40081584453582764, -0.01532732229679823, -0.4007907509803772, 0.9161570072174072, 0.004809967242181301, 0.015970144420862198, 0.0017369724810123444, 0.9998709559440613]",-29.264900085656727,100,3.72
1.3966214599609375,0.470469970703125,1.2960242919921876,13:03:54,"[0.9160130620002747, 0.4008651077747345, -0.01507481001317501, -0.40083903074264526, 0.9161356687545776, 0.004844491370022297, 0.015752559527754784, 0.0016049548285081983, 0.9998746514320374]",-29.255783718573795,100,3.72
1.396576171875,0.4704945068359375,1.2960687255859376,13:03:55,"[0.915778636932373, 0.40139082074165344, -0.015326879918575287, -0.4013669192790985, 0.9159051179885864, 0.004739383701235056, 0.015940312296152115, 0.0018114761915057898, 0.9998713135719299]",-29.39977965218604,100,3.72
1.396643310546875,0.47045303344726563,1.296054931640625,13:03:56,"[0.9163109064102173, 0.40018391609191895, -0.015072264708578587, -0.40015360713005066, 0.9164338707923889, 0.0051078107208013535, 0.015856796875596046, 0.0013508786214515567, 0.9998733401298523]",-29.54348719929986,100,3.72
1.3966485595703124,0.4705401916503906,1.2960767822265624,13:03:57,"[0.9158857464790344, 0.4011274576187134, -0.015814410522580147, -0.40110424160957336, 0.9160200953483582, 0.004751608241349459, 0.016392316669225693, 0.0019912966527044773, 0.9998636245727539]",-29.54348719929986,100,3.72
1.39657275390625,0.4705314636230469,1.296031005859375,13:03:58,"[0.9160438776016235, 0.40079355239868164, -0.015103624202311039, -0.4007719159126282, 0.9161664843559265, 0.004565067123621702, 0.015667084604501724, 0.0018713062163442373, 0.9998754858970642]",-30.112779435961244,100,3.72
1.3966519775390625,0.47050875854492186,1.29608447265625,13:03:59,"[0.9162301421165466, 0.40036070346832275, -0.015285930596292019, -0.40033218264579773, 0.9163563847541809, 0.0050148507580161095, 0.016015108674764633, 0.001524692983366549, 0.9998705983161926]",-30.0956903279421,100,3.72
1.396567138671875,0.47054754638671875,1.29602783203125,13:04:00,"[0.9159349203109741, 0.40103814005851746, -0.01522041205316782, -0.4010170102119446, 0.9160593152046204, 0.004548787605017424, 0.015767037868499756, 0.0019372511887922883, 0.9998738169670105]",-30.079844245944976,100,3.72
1.4395908203125,0.4360431823730469,1.3020443115234375,13:04:01,"[0.9389833211898804, 0.3438888490200043, 0.007126162759959698, -0.3439394235610962, 0.9389592409133911, 0.00782734714448452, -0.003999439068138599, -0.009800716303288937, 0.9999439716339111]",-29.604981381113873,100,3.72
1.6970350341796876,0.4384456176757813,1.29387255859375,13:04:02,"[0.9328436851501465, 0.360063761472702, -0.012520400807261467, -0.3597548007965088, 0.9327958226203918, 0.021643569692969322, 0.019472042098641396, -0.0156857930123806, 0.9996873736381531]",-35.40603432462303,100,3.72
1.771775146484375,0.463531005859375,1.2897796630859375,13:04:03,"[0.9192551970481873, 0.3934617340564728, -0.012559478171169758, -0.39338281750679016, 0.9193369746208191, 0.00833863765001297, 0.01482732780277729, -0.0027246535755693913, 0.9998863339424133]",-35.40603432462303,100,3.72
1.771982666015625,0.4644061584472656,1.28948583984375,13:04:04,"[0.9190279245376587, 0.3939689099788666, -0.013272879645228386, -0.3939044177532196, 0.919122576713562, 0.007276739459484816, 0.01506621204316616, -0.0014592810766771436, 0.9998854398727417]",-34.68170044596676,100,3.72
1.7464466552734375,0.4747992858886719,1.2907056884765624,13:04:05,"[0.904643714427948, 0.4260922074317932, -0.0080748051404953, -0.42607319355010986, 0.9046797156333923, 0.0040292805060744286, 0.009021957404911518, -0.0002046051959041506, 0.9999592900276184]",-34.6270327972164,100,3.72
1.7368970947265625,0.4732216491699219,1.290210205078125,13:04:06,"[0.8997297286987305, 0.4363076090812683, -0.011049935594201088, -0.4362446069717407, 0.8997950553894043, 0.0077113197185099125, 0.013307185843586922, -0.0021176286973059177, 0.9999092221260071]",-35.87400507139848,100,3.72
1.73627197265625,0.47312078857421874,1.290158203125,13:04:07,"[0.9001150131225586, 0.4355337917804718, -0.01016158051788807, -0.43547293543815613, 0.9001688957214355, 0.007701181340962648, 0.012501263059675694, -0.0025068556424230337, 0.9999186992645264]",-37.152125191972296,100,3.72
1.7362677001953124,0.4731658630371094,1.290139404296875,13:04:08,"[0.9000969529151917, 0.4355698227882385, -0.010215084999799728, -0.43550655245780945, 0.9001510739326477, 0.00788220763206482, 0.012628371827304363, -0.002646014327183366, 0.9999167323112488]",-36.84858925350984,100,3.72
1.741909423828125,0.4717635803222656,1.28924462890625,13:04:09,"[0.8969982862472534, 0.4418853223323822, -0.011464856564998627, -0.44183799624443054, 0.8970711827278137, 0.0065148998983204365, 0.013163631781935692, -0.0007782449247315526, 0.9999130368232727]",-36.84858925350984,100,3.72
1.74208544921875,0.47168017578125,1.289232177734375,13:04:10,"[0.8968791961669922, 0.44212475419044495, -0.011549199000000954, -0.44207486510276794, 0.8969531059265137, 0.006703550461679697, 0.013322895392775536, -0.0009066642378456891, 0.999910831451416]",-36.20302396929535,100,3.72
1.742036376953125,0.4716968688964844,1.28923046875,13:04:11,"[0.8970540761947632, 0.44177740812301636, -0.01125677302479744, -0.4417281746864319, 0.8971241116523743, 0.006672405172139406, 0.013046440668404102, -0.0010130743030458689, 0.9999144077301025]",-36.4478049668665,100,3.72
1.7420145263671876,0.4716795654296875,1.289223876953125,13:04:12,"[0.8969011902809143, 0.44208672642707825, -0.0112942298874259, -0.442037433385849, 0.8969717621803284, 0.006676648743450642, 0.013082263059914112, -0.0009958220180124044, 0.9999139308929443]",-36.59031023915503,100,3.72
1.7420107421875,0.4717346496582031,1.2892418212890624,13:04:13,"[0.8971078991889954, 0.4416658878326416, -0.011344180442392826, -0.44161853194236755, 0.8971792459487915, 0.0065217399969697, 0.013058193027973175, -0.0008409042493440211, 0.9999144077301025]",-36.53998090076701,100,3.72
1.742000244140625,0.4716939392089844,1.289207763671875,13:04:14,"[0.896889865398407, 0.442112535238266, -0.011185238137841225, -0.44206538796424866, 0.896959125995636, 0.006520572584122419, 0.012915528379380703, -0.0009036285919137299, 0.9999161958694458]",-36.744920223975235,100,3.72
1.741994384765625,0.47166339111328126,1.289232177734375,13:04:15,"[0.8968806862831116, 0.442129522562027, -0.011249587871134281, -0.4420810341835022, 0.8969507217407227, 0.006617887876927853, 0.0130162900313735, -0.0009622262441553175, 0.999914824962616]",-36.794614522824546,100,3.72
1.7420244140625,0.47170758056640627,1.289216796875,13:04:16,"[0.8968780040740967, 0.4421314597129822, -0.01138430554419756, -0.4420816898345947, 0.8969497084617615, 0.006706721149384975, 0.01317640207707882, -0.0009823177242651582, 0.999912679195404]",-36.794614522824546,100,3.72
1.7419971923828126,0.47169692993164064,1.289226318359375,13:04:17,"[0.8970869779586792, 0.441712886095047, -0.011164182797074318, -0.44166427850723267, 0.8971558809280396, 0.006632015574723482, 0.01294545829296112, -0.0010186743456870317, 0.9999156594276428]",-36.76774626218625,100,3.72
1.741977783203125,0.4716825561523437,1.289239013671875,13:04:18,"[0.897124707698822, 0.4416375756263733, -0.011110854335129261, -0.441588819026947, 0.8971928954124451, 0.006648180540651083, 0.012904666364192963, -0.0010578182991594076, 0.9999161958694458]",-36.7104568321113,100,3.72
1.7420433349609374,0.47166836547851565,1.2892310791015624,13:04:19,"[0.89687579870224, 0.4421338438987732, -0.011467497795820236, -0.4420832097530365, 0.896948516368866, 0.00676581310108304, 0.013277150690555573, -0.0009985057404264808, 0.999911367893219]",-37.037196225064605,100,3.72
1.74197314453125,0.4716267395019531,1.289215087890625,13:04:20,"[0.8968831300735474, 0.4421303868293762, -0.01101814117282629, -0.44208136200904846, 0.8969500660896301, 0.006679794751107693, 0.012836063280701637, -0.001120080123655498, 0.9999169707298279]",-36.71523545447499,100,3.72
1.7420218505859375,0.4716851806640625,1.289195068359375,13:04:21,"[0.8970164656639099, 0.4418586194515228, -0.011066305451095104, -0.44180765748023987, 0.8970838785171509, 0.006821664050221443, 0.012941614724695683, -0.0012299666414037347, 0.9999154806137085]",-36.04908015153927,100,3.72
1.74200390625,0.471606689453125,1.2892086181640625,13:04:22,"[0.8967853784561157, 0.4423142075538635, -0.011580820195376873, -0.4422639012336731, 0.8968597054481506, 0.0067315734922885895, 0.01336384192109108, -0.0009149976540356874, 0.999910295009613]",-36.04908015153927,100,3.72
1.7422279052734375,0.471427001953125,1.28928076171875,13:04:23,"[0.8971927762031555, 0.4414944052696228, -0.011305700987577438, -0.4414418637752533, 0.8972631692886353, 0.006919067353010178, 0.013198918662965298, -0.001216927426867187, 0.9999121427536011]",-35.857398994871744,100,3.72
1.7418468017578126,0.4722158203125,1.2890849609375,13:04:24,"[0.896681547164917, 0.44253993034362793, -0.010981138795614243, -0.4424951374530792, 0.896748423576355, 0.0063516516238451, 0.012658178806304932, -0.0008363081724382937, 0.9999195337295532]",-35.873116271806964,100,3.72
1.7422628173828125,0.47186166381835937,1.2890965576171876,13:04:25,"[0.8968765139579773, 0.4421294629573822, -0.011579867452383041, -0.4420776963233948, 0.8969506621360779, 0.006840840447694063, 0.013411106541752815, -0.001016188063658774, 0.9999095797538757]",-36.11718029906608,100,3.72
2.006572265625,0.46838934326171877,1.2839185791015626,13:04:26,"[0.885338544845581, 0.4646494686603546, -0.016628269106149673, -0.4645645022392273, 0.8854947090148926, 0.008886370807886124, 0.018853290006518364, -0.00014254306734073907, 0.9998222589492798]",-37.288661291002995,100,3.72
2.138182861328125,0.47581121826171874,1.28229052734375,13:04:27,"[0.8412926197052002, 0.5405028462409973, -0.00913199782371521, -0.5404664874076843, 0.8413420915603638, 0.00628109835088253, 0.011078085750341415, -0.00034870306262746453, 0.9999385476112366]",-31.074720194120836,100,3.72
2.137568603515625,0.4756480712890625,1.282291259765625,13:04:28,"[0.8415557742118835, 0.540113627910614, -0.007821070961654186, -0.5400834679603577, 0.8415918946266174, 0.005742765963077545, 0.009683895856142044, -0.0006088268128223717, 0.9999529123306274]",-31.15210737458044,100,3.72
2.1374052734375,0.47571368408203124,1.2822633056640624,13:04:29,"[0.8414438366889954, 0.5402927994728088, -0.007485612295567989, -0.5402632355690002, 0.8414767384529114, 0.005700085777789354, 0.009378683753311634, -0.0007521007210016251, 0.9999557137489319]",-31.15210737458044,100,3.72
2.1375,0.47571966552734374,1.2822452392578125,13:04:30,"[0.8415057063102722, 0.5401926636695862, -0.00775197334587574, -0.5401620864868164, 0.8415411114692688, 0.005786830093711615, 0.009649607352912426, -0.0006823280709795654, 0.9999532103538513]",-31.25738864676535,100,3.72
2.137474853515625,0.4757637939453125,1.28227880859375,13:04:31,"[0.8415740728378296, 0.5400819778442383, -0.008031303994357586, -0.5400509834289551, 0.8416122198104858, 0.005816470365971327, 0.009900614619255066, -0.0005576774710789323, 0.9999508261680603]",-31.046417572226005,100,3.72
2.13747314453125,0.4758343811035156,1.2822615966796875,13:04:32,"[0.8415458798408508, 0.5401273965835571, -0.007929518818855286, -0.540097177028656, 0.8415830731391907, 0.005740059539675713, 0.00977371260523796, -0.0005478123784996569, 0.9999520778656006]",-31.210664961715516,100,3.72
2.12015966796875,0.47561734008789064,1.2834471435546875,13:04:33,"[0.8499417901039124, 0.5268475413322449, -0.005534612573683262, -0.5268244743347168, 0.849958598613739, 0.005134384147822857, 0.007409228943288326, -0.0014481580583378673, 0.9999715089797974]",-31.0828354612841,100,3.72
2.107337646484375,0.47992132568359375,1.2833739013671874,13:04:34,"[0.8474334478378296, 0.5308735966682434, -0.005453944206237793, -0.5308505296707153, 0.8474497199058533, 0.005162372719496489, 0.00736251100897789, -0.001479538157582283, 0.9999718070030212]",-31.972366143218082,100,3.72
2.10745654296875,0.4800106201171875,1.2833994140625,13:04:35,"[0.8474979996681213, 0.5307705402374268, -0.005451057571917772, -0.5307481288909912, 0.8475143909454346, 0.005080742761492729, 0.007316558621823788, -0.0014127810718491673, 0.9999722242355347]",-31.972366143218082,100,3.72
