x,y,z,utc,rm,dbm,tx_gain,cable_loss
0.6610677490234375,1.0240867919921874,1.3961871337890626,13:57:30,"[0.4982564151287079, 0.5415564775466919, -0.6770946383476257, -0.5045031905174255, 0.8162071704864502, 0.2815711796283722, 0.7051361799240112, 0.20130176842212677, 0.6798974275588989]",-32.87424295783552,100,3.72
1.3898604736328124,0.854278076171875,1.549240478515625,13:57:31,"[0.26648572087287903, 0.5102370381355286, -0.817706286907196, -0.48970964550971985, 0.8023973107337952, 0.3410909175872803, 0.830162525177002, 0.30954280495643616, 0.4636954069137573]",-32.87424295783552,100,3.72
1.8487548828125,1.4148590087890625,1.414367431640625,13:57:32,"[-0.2550662159919739, 0.29228997230529785, -0.9216874837875366, -0.7846836447715759, 0.49440833926200867, 0.3739411532878876, 0.5649892091751099, 0.818612813949585, 0.10324828326702118]",-40.68745069124925,100,3.72
2.17018994140625,2.089948974609375,1.2441961669921875,13:57:33,"[-0.6052936911582947, -0.2818737030029297, -0.7444238066673279, -0.5857987403869629, -0.47545093297958374, 0.6563431024551392, -0.538942813873291, 0.8333628177642822, 0.12266620248556137]",-37.031156719424764,100,3.72
2.392484619140625,2.494069091796875,1.3580389404296875,13:57:34,"[0.1834544688463211, -0.7404372692108154, -0.6466042995452881, 0.8492658138275146, 0.4506407678127289, -0.27508261799812317, 0.49506765604019165, -0.49867379665374756, 0.7115001678466797]",-21.263607751388474,100,3.72
2.19426806640625,2.72887451171875,1.1764102783203125,13:57:35,"[0.32031822204589844, -0.7257224917411804, -0.6088703870773315, 0.4687229096889496, 0.6799627542495728, -0.5638700723648071, 0.8232223987579346, -0.10477364808320999, 0.5579671859741211]",-23.36982072183721,100,3.72
2.096685546875,2.849178466796875,1.0514617919921876,13:57:36,"[0.4913162887096405, -0.7074711322784424, -0.5080283880233765, 0.0730983093380928, 0.6147184371948242, -0.7853521108627319, 0.8679083585739136, 0.3487202525138855, 0.35373613238334656]",-27.293317076072043,100,3.72
2.2060380859375,2.5211904296875,1.3063887939453125,13:57:37,"[0.28869545459747314, -0.5778555274009705, -0.7633727192878723, 0.5678196549415588, 0.745302140712738, -0.34943607449531555, 0.770866870880127, -0.3325774371623993, 0.5432830452919006]",-31.522005248326558,100,3.72
2.4006435546875,2.24041015625,1.3752354736328125,13:57:38,"[0.19773444533348083, -0.47746723890304565, -0.8561110496520996, 0.7590256333351135, 0.6272371411323547, -0.1745096892118454, 0.6203073263168335, -0.615303635597229, 0.48643627762794495]",-31.522005248326558,100,3.72
2.658171142578125,1.956333984375,1.389891357421875,13:57:39,"[-0.19735608994960785, -0.47300422191619873, -0.8586719632148743, 0.9772235751152039, -0.1646159142255783, -0.13392424583435059, -0.07800433784723282, -0.8655452728271484, 0.4947188198566437]",-22.574757235432248,100,3.72
2.850397216796875,1.690221923828125,1.3242625732421875,13:57:40,"[-0.36267995834350586, -0.30885010957717896, -0.8792467713356018, 0.9075057506561279, -0.33156847953796387, -0.2578675150871277, -0.21188808977603912, -0.8914448618888855, 0.40053650736808777]",-22.201627597735648,100,3.72
2.898816650390625,1.6799447021484375,1.3689608154296875,13:57:41,"[-0.5050867199897766, -0.2454211711883545, -0.8274393081665039, 0.7475979924201965, -0.6034635901451111, -0.2773606479167938, -0.43125930428504944, -0.7586832046508789, 0.4882778227329254]",-25.860725578090534,100,3.72
2.91120703125,1.60290869140625,1.3484244384765625,13:57:42,"[-0.4742881655693054, -0.24304921925067902, -0.8461546897888184, 0.8141883015632629, -0.48670437932014465, -0.3165694773197174, -0.33488523960113525, -0.839074432849884, 0.4287259578704834]",-28.00640206410201,100,3.72
2.95251220703125,1.608111572265625,1.3366934814453124,13:57:43,"[-0.4932897090911865, -0.25713443756103516, -0.8309916853904724, 0.8329542875289917, -0.41496044397354126, -0.36605319380760193, -0.2507038116455078, -0.8727483749389648, 0.4188769459724426]",-29.718311133098233,100,3.72
2.917123779296875,1.618587890625,1.322927734375,13:57:44,"[-0.47062987089157104, -0.23764175176620483, -0.8497257828712463, 0.8330656886100769, -0.4369773864746094, -0.33919355273246765, -0.2907043993473053, -0.867512047290802, 0.4036257863044739]",-30.269892522067977,100,3.72
2.917458251953125,1.6291195068359374,1.3230487060546876,13:57:45,"[-0.47322115302085876, -0.24969637393951416, -0.8448156118392944, 0.8371540307998657, -0.42605334520339966, -0.3430038392543793, -0.27428972721099854, -0.8695574998855591, 0.4106518030166626]",-30.269892522067977,100,3.72
2.8880390625,1.6311708984375,1.3050601806640625,13:57:46,"[-0.450584352016449, -0.2176322340965271, -0.8658002018928528, 0.8391616344451904, -0.4341583549976349, -0.32758858799934387, -0.3046005368232727, -0.8741526007652283, 0.3782535791397095]",-29.50574773067055,100,3.72
2.910902099609375,1.6702562255859374,1.319335693359375,13:57:47,"[-0.48268362879753113, -0.2525298297405243, -0.8385971784591675, 0.8451104760169983, -0.38554054498672485, -0.37033334374427795, -0.2297929972410202, -0.8874610662460327, 0.3995097279548645]",-28.14462215944467,100,3.72
2.937394287109375,1.6498040771484375,1.3358836669921874,13:57:48,"[-0.48925861716270447, -0.29201939702033997, -0.821797251701355, 0.8451042175292969, -0.3915335536003113, -0.364005982875824, -0.21546436846256256, -0.872597336769104, 0.4383479654788971]",-29.804840215026033,100,3.72
2.879316162109375,1.65852880859375,1.36408203125,13:57:49,"[-0.4031362235546112, -0.265499085187912, -0.875780463218689, 0.8884915709495544, -0.34281226992607117, -0.305061399936676, -0.21923476457595825, -0.9011048674583435, 0.3740937411785126]",-29.82483970014328,100,3.72
2.420969482421875,1.573763916015625,1.198262939453125,13:57:50,"[0.04620293155312538, 0.10684406012296677, -0.993201732635498, 0.753164529800415, -0.6568667888641357, -0.03562610223889351, -0.6562076807022095, -0.7463982701301575, -0.11082033067941666]",-26.87901085158664,100,3.72
2.148749755859375,1.3564945068359375,1.23450732421875,13:57:51,"[-0.08260054141283035, 0.01017238199710846, -0.9965308308601379, 0.3715979754924774, -0.9275199770927429, -0.04026898369193077, -0.9247118830680847, -0.37363508343696594, 0.07283362001180649]",-26.87901085158664,100,3.72
1.6554393310546875,1.2365443115234376,1.15928662109375,13:57:52,"[-0.05751859396696091, 0.10765646398067474, -0.9925228953361511, 0.11473941802978516, -0.9868682026863098, -0.11369248479604721, -0.9917290210723877, -0.12042093276977539, 0.0444108322262764]",-30.008635294988835,100,3.72
1.0040818481445313,1.1554349365234375,1.2516842041015626,13:57:53,"[-0.2450472116470337, 0.7198718786239624, -0.6494123339653015, -0.4294690489768982, -0.6811290383338928, -0.5929751992225647, -0.8691997528076172, 0.1335955709218979, 0.47607144713401794]",-35.91747128200561,100,3.72
0.91462841796875,1.24236474609375,1.2331798095703126,13:57:54,"[0.28884926438331604, 0.7374026775360107, -0.610576331615448, -0.7843460440635681, -0.18342749774456024, -0.5925838947296143, -0.5489693880081177, 0.6500705480575562, 0.525395929813385]",-33.78153518458602,100,3.72
0.88310693359375,1.18765771484375,1.2434361572265624,13:57:55,"[0.24405939877033234, 0.7954220175743103, -0.5547420978546143, -0.7310778498649597, -0.22492745518684387, -0.644152820110321, -0.6371500492095947, 0.562771201133728, 0.5266197919845581]",-28.25751172140583,100,3.72
0.8880086669921875,1.159082763671875,1.2489759521484376,13:57:56,"[0.21903206408023834, 0.8185091018676758, -0.5311005711555481, -0.7252208590507507, -0.22757525742053986, -0.6498185992240906, -0.6527478098869324, 0.5274962782859802, 0.5437535643577576]",-27.757977477599066,100,3.72
0.8930800170898437,1.14706982421875,1.2419462890625,13:57:57,"[0.1864839792251587, 0.8059818148612976, -0.561798095703125, -0.7173442840576172, -0.2790183126926422, -0.638408899307251, -0.6712979078292847, 0.5220556855201721, 0.5261339545249939]",-28.215464964892377,100,3.72
0.9052113647460938,1.14452294921875,1.2440279541015624,13:57:58,"[0.16931557655334473, 0.8079863786697388, -0.5643494129180908, -0.7156051993370056, -0.29294461011886597, -0.634107768535614, -0.6776735186576843, 0.5112157464027405, 0.5285991430282593]",-28.215464964892377,100,3.72
0.9573451538085938,1.16025732421875,1.4589149169921876,13:57:59,"[0.3403366804122925, 0.6276253461837769, -0.7001838088035583, -0.9322335720062256, 0.1278666853904724, -0.3385123908519745, -0.12292877584695816, 0.7679430246353149, 0.628611147403717]",-28.178866618395425,100,3.72
1.0138672485351563,1.085154052734375,1.6863150634765625,13:58:00,"[0.21825921535491943, 0.7291576862335205, -0.6486077308654785, -0.9696668982505798, 0.08709331601858139, -0.22838759422302246, -0.11004117131233215, 0.6787811517715454, 0.7260489463806152]",-29.245577912923125,100,3.72
0.8868062133789063,0.9445491943359375,1.6999515380859376,13:58:01,"[0.43979495763778687, 0.772112250328064, -0.4587189555168152, -0.8961305022239685, 0.4110639691352844, -0.1672617793083191, 0.059417977929115295, 0.4846329391002655, 0.8726972341537476]",-35.64718738158915,100,3.72
0.51061279296875,1.23852490234375,1.5480325927734375,13:58:02,"[0.5671284794807434, 0.7249987721443176, -0.39082229137420654, -0.8084197044372559, 0.39922553300857544, -0.4325234889984131, -0.1575527787208557, 0.5612448453903198, 0.8125154376029968]",-32.55967589477054,100,3.72
0.4775623474121094,0.8399413452148438,1.217321533203125,13:58:03,"[0.941348135471344, 0.21284794807434082, -0.2618386745452881, -0.18230468034744263, 0.973768413066864, 0.13616187870502472, 0.283951997756958, -0.08044131100177765, 0.9554582238197327]",-32.55967589477054,100,3.72
0.3343081970214844,0.5342091064453125,1.1368583984375,13:58:04,"[0.9976769089698792, -0.06003154441714287, -0.03220320865511894, 0.06677764654159546, 0.9553014636039734, 0.28799283504486084, 0.013475120067596436, -0.2894742488861084, 0.9570909738540649]",-33.24809176255711,100,3.72
0.1473087158203125,0.700956298828125,1.1659400634765624,13:58:05,"[0.9969727396965027, 0.0505998358130455, 0.05903354287147522, -0.06034845486283302, 0.9823241233825684, 0.17719294130802155, -0.04902413859963417, -0.1802191138267517, 0.9824040532112122]",-34.963191400978246,100,3.72
-0.009156688690185547,0.53830029296875,0.9599552612304687,13:58:07,"[0.9142678380012512, 0.16355560719966888, -0.37062641978263855, -0.07048175483942032, 0.9651446342468262, 0.25204792618751526, 0.39893195033073425, -0.2043168991804123, 0.8939283490180969]",-28.55116380061132,100,3.72
0.036876869201660153,0.44110684204101563,0.9968345336914063,13:58:08,"[0.9908086657524109, -0.06001231446862221, -0.12122981250286102, 0.1139349564909935, 0.8533344268798828, 0.5087623596191406, 0.07291757315397263, -0.5178984999656677, 0.8523286581039429]",-32.99596099799668,100,3.72
0.2517420196533203,0.8932160034179687,1.2343916015625,13:58:09,"[0.955590546131134, 0.23425298929214478, -0.17880778014659882, -0.2060548961162567, 0.9648894667625427, 0.1628795564174652, 0.21068476140499115, -0.11880194395780563, 0.9703081846237183]",-30.45947558326003,100,3.72
0.58427490234375,0.9371519775390625,1.277723876953125,13:58:10,"[0.8685395121574402, 0.2795129418373108, -0.40928179025650024, -0.18697018921375275, 0.9495673179626465, 0.2517222762107849, 0.45900022983551025, -0.1421072632074356, 0.8769973516464233]",-30.45947558326003,100,3.72
0.22022909545898436,0.6955638427734375,1.215958740234375,13:58:11,"[0.9955631494522095, 0.0752146914601326, -0.056539714336395264, -0.05408208444714546, 0.9490998983383179, 0.3102973997592926, 0.07700075954198837, -0.3058628737926483, 0.9489566683769226]",-29.081730081029406,100,3.72
0.22346939086914064,0.5760337524414062,0.987833740234375,13:58:12,"[0.9965296387672424, -0.008016341365873814, -0.08285205811262131, 0.030677365139126778, 0.9606583118438721, 0.2760334312915802, 0.0773797407746315, -0.2776171565055847, 0.9575704336166382]",-32.6739809673912,100,3.72
0.023740297317504884,0.5436727294921875,0.1837716064453125,13:58:15,"[0.9767879843711853, 0.21207213401794434, -0.030176524072885513, -0.20155233144760132, 0.9576165080070496, 0.20578467845916748, 0.07253873348236084, -0.19492585957050323, 0.978131890296936]",-39.24488633577532,100,3.72
0.026426401138305664,0.525888427734375,0.20817034912109375,13:58:16,"[0.9585760235786438, 0.2787173390388489, 0.058725450187921524, -0.2844529449939728, 0.947418212890625, 0.14657831192016602, -0.01478364784270525, -0.1572110801935196, 0.987454354763031]",-39.24488633577532,100,3.72
0.011029541015625,0.5694533081054688,0.1740211181640625,13:58:18,"[0.969253420829773, 0.24539034068584442, 0.01820344105362892, -0.24452711641788483, 0.9688149094581604, -0.04005146026611328, -0.0274640079587698, 0.03436877951025963, 0.9990317821502686]",-40.5716995809486,100,3.72
0.014372491836547851,0.5658276977539063,0.1752723388671875,13:58:19,"[0.9732672572135925, 0.22906501591205597, -0.016735224053263664, -0.22906963527202606, 0.9734086394309998, 0.0016663495916873217, 0.016671912744641304, 0.00221172790043056, 0.999858558177948]",-40.054199690928456,100,3.72
0.02778952980041504,0.5325133056640625,0.17521536254882814,13:58:20,"[0.9404518604278564, 0.33990055322647095, 0.004225432872772217, -0.3386540114879608, 0.9357833862304688, 0.09809675812721252, 0.02938905358314514, -0.09368623793125153, 0.9951679110527039]",-40.397949986213106,100,3.72
0.025683115005493164,0.540110107421875,0.176530029296875,13:58:21,"[0.924305260181427, 0.3815663456916809, -0.008180607110261917, -0.38151997327804565, 0.9243363738059998, 0.006691792048513889, 0.010114995762705803, -0.003064193530008197, 0.9999441504478455]",-36.901538624901484,100,3.72
0.024769105911254884,0.5418817138671875,0.17451332092285157,13:58:22,"[0.9259510636329651, 0.3773907721042633, 0.013816121965646744, -0.37731677293777466, 0.9260520935058594, -0.007719079963862896, -0.015707558020949364, 0.0019344353349879384, 0.9998747706413269]",-38.880875521548724,100,3.72
0.029775123596191406,0.515206298828125,0.15937576293945313,13:58:24,"[0.9105542302131653, 0.4132998287677765, -0.00861732754856348, -0.4094548225402832, 0.9045605063438416, 0.11881514638662338, 0.056901175528764725, -0.10465922951698303, 0.9928789734840393]",-40.241028566256944,100,3.72
0.14005128479003906,0.47469268798828124,0.1243780975341797,13:58:25,"[-0.6406921148300171, 0.6623895168304443, -0.38827013969421387, 0.7428866624832153, 0.4070313572883606, -0.5314554572105408, -0.19399242103099823, -0.6289400458335876, -0.7528620958328247]",-38.12798261190521,100,3.72
0.030136680603027342,0.5280724487304688,0.17486441040039064,13:58:26,"[0.9044815897941589, 0.42531079053878784, -0.03199712932109833, -0.42446404695510864, 0.904944658279419, 0.030090656131505966, 0.041753511875867844, -0.013634813018143177, 0.9990348815917969]",-35.66465535837128,100,3.72
-0.015128819465637208,0.4978229064941406,0.17384648132324218,13:58:28,"[0.9330207705497742, 0.35905060172080994, 0.0235575083643198, -0.35974225401878357, 0.9321943521499634, 0.039990197867155075, -0.007601672317832708, -0.04578631743788719, 0.9989223480224609]",-34.853538649669986,100,3.72
-0.017621301651000978,0.5016732177734375,0.17282444763183594,13:58:29,"[0.9434183835983276, 0.3274727463722229, 0.05218537151813507, -0.3293670117855072, 0.9436274766921997, 0.03293340653181076, -0.03845875710248947, -0.04825812205672264, 0.9980942010879517]",-34.853538649669986,100,3.72
0.28842446899414065,0.5286195678710938,0.1858845977783203,13:58:33,"[0.9174901247024536, 0.34255149960517883, 0.20216403901576996, -0.3418605923652649, 0.9389222264289856, -0.03945067152380943, -0.20333020389080048, -0.03291631489992142, 0.978556752204895]",-34.983991580189006,100,3.72
0.32156057739257815,0.5004100952148437,0.17375209045410156,13:58:34,"[0.8808709979057312, 0.4445990025997162, 0.16247452795505524, -0.4495430290699005, 0.8932310938835144, -0.007017786148935556, -0.14824740588665009, -0.06685753166675568, 0.9866877794265747]",-39.266059733214924,100,3.72
0.3200693359375,0.5053765258789062,0.17630790710449218,13:58:35,"[0.8880977034568787, 0.4278998374938965, 0.16788162291049957, -0.43236058950424194, 0.9016348123550415, -0.01090618409216404, -0.1560346782207489, -0.0628996416926384, 0.9857468605041504]",-38.31943871376417,100,3.72
0.31507583618164064,0.5069173278808594,0.17362841796875,13:58:36,"[0.8999210000038147, 0.393961638212204, 0.1869128793478012, -0.4010756313800812, 0.9160448908805847, 0.00026652865926735103, -0.17111559212207794, -0.07520605623722076, 0.9823764562606812]",-38.31943871376417,100,3.72
0.31807733154296874,0.5018982849121094,0.1726532440185547,13:58:37,"[0.8921683430671692, 0.40904664993286133, 0.191615492105484, -0.41924360394477844, 0.9077629446983337, 0.014187252148985863, -0.16813819110393524, -0.09299098700284958, 0.9813675284385681]",-38.40657652182884,100,3.72
0.33059912109375,0.5054203186035157,0.1739313201904297,13:58:38,"[0.9049285054206848, 0.38934481143951416, 0.17179948091506958, -0.3993085026741028, 0.9164363741874695, 0.026402192190289497, -0.1471637338399887, -0.09249308705329895, 0.984778106212616]",-38.54486539902485,100,3.72
0.3347790222167969,0.5095462951660156,0.17294482421875,13:58:39,"[0.8898414373397827, 0.42219746112823486, 0.1730072945356369, -0.4273136854171753, 0.9040644764900208, -0.008394554257392883, -0.15995390713214874, -0.066458560526371, 0.9848847389221191]",-37.80009287758284,100,3.72
0.34173834228515626,0.519564453125,0.17070738220214843,13:58:40,"[0.9009170532226562, 0.4174174964427948, 0.11879028379917145, -0.4112037420272827, 0.9085415005683899, -0.07391754537820816, -0.1387803852558136, 0.017746567726135254, 0.9901641607284546]",-38.61358027922789,100,3.72
0.34949307250976563,0.50776904296875,0.16873554992675782,13:58:41,"[0.8943268060684204, 0.4077078402042389, 0.18426568806171417, -0.4173007309436798, 0.9086467027664185, 0.014874480664730072, -0.1613679677248001, -0.09019684791564941, 0.9827638864517212]",-38.5494257993475,100,3.72
0.3588156433105469,0.5094244384765625,0.17521621704101562,13:58:42,"[0.9150322079658508, 0.3948436379432678, 0.08255059272050858, -0.3998463451862335, 0.9148499965667725, 0.05632390081882477, -0.053282272070646286, -0.08454573154449463, 0.9949939846992493]",-38.5494257993475,100,3.72
0.35111834716796875,0.5112857360839844,0.1665899353027344,13:58:43,"[0.9210983514785767, 0.36724939942359924, 0.12925058603286743, -0.37520578503608704, 0.9259471893310547, 0.04292330890893936, -0.10391566157341003, -0.08803215622901917, 0.9906825423240662]",-36.33172319949075,100,3.72
0.3483641357421875,0.5139121704101562,0.17278985595703125,13:58:44,"[0.9125849604606628, 0.3730487823486328, 0.1674015372991562, -0.38231611251831055, 0.9236708879470825, 0.025816144421696663, -0.14499324560165405, -0.08755972981452942, 0.9855507612228394]",-37.092976502818374,100,3.72
0.46178485107421874,0.5743797607421876,0.23948411560058594,13:58:45,"[0.9475207328796387, 0.2640490233898163, 0.18022926151752472, -0.26420462131500244, 0.964178204536438, -0.023586496710777283, -0.18000110983848572, -0.025268705561757088, 0.9833418130874634]",-38.177280127130054,100,3.72
0.5512540893554687,0.44227899169921875,0.20539297485351563,13:58:46,"[0.8361894488334656, 0.5435583591461182, 0.07301713526248932, -0.5376859307289124, 0.7862575054168701, 0.3044552803039551, 0.1080789640545845, -0.2938425838947296, 0.9497238993644714]",-37.086953829756204,100,3.72
0.6318082885742188,0.5346893920898438,0.28911709594726565,13:58:47,"[0.9428408741950989, 0.25209879875183105, -0.21793872117996216, -0.26642632484436035, 0.9630833268165588, -0.03856806829571724, 0.20017017424106598, 0.0944281667470932, 0.9752001166343689]",-31.91730019612961,100,3.72
0.6972130737304687,0.4670833740234375,0.19990185546875,13:58:48,"[0.9503985643386841, 0.3067302405834198, -0.05156728997826576, -0.3017156720161438, 0.9494438767433167, 0.08674098551273346, 0.07556632906198502, -0.06687984615564346, 0.9948953986167908]",-37.741620570779766,100,3.72
0.7015028076171875,0.46363360595703124,0.18043594360351561,13:58:49,"[0.9384198188781738, 0.34244152903556824, 0.045847825706005096, -0.34526512026786804, 0.9343578219413757, 0.08813311159610748, -0.012657836079597473, -0.09853551536798477, 0.9950530529022217]",-37.741620570779766,100,3.72
0.7023945922851562,0.4679232177734375,0.18247531127929686,13:58:50,"[0.948344349861145, 0.3132057189941406, 0.050450269132852554, -0.31675076484680176, 0.9436779022216797, 0.09560820460319519, -0.01766377128660679, -0.10664965957403183, 0.9941397309303284]",-33.9064055571549,100,3.72
0.6957765502929687,0.46400946044921876,0.17887277221679687,13:58:51,"[0.9528988003730774, 0.2816869020462036, 0.11241142451763153, -0.29417338967323303, 0.948615312576294, 0.11658063530921936, -0.07379595935344696, -0.1441580057144165, 0.9867991805076599]",-32.97566576089014,100,3.72
0.686616943359375,0.44600906372070315,0.17782342529296874,13:58:52,"[0.9496623277664185, 0.2731837034225464, 0.15333646535873413, -0.2958219051361084, 0.9430844187736511, 0.15192487835884094, -0.103105828166008, -0.18963761627674103, 0.9764255285263062]",-33.52607264585103,100,3.72
0.6872601928710937,0.47654803466796875,0.18601181030273437,13:58:53,"[0.9738562107086182, 0.19186824560165405, 0.12161668390035629, -0.20437511801719666, 0.9737366437911987, 0.10033851861953735, -0.09917084127664566, -0.1225707158446312, 0.987492561340332]",-35.24468977776365,100,3.72
0.690850830078125,0.47926239013671873,0.18429493713378906,13:58:54,"[0.979982852935791, 0.18697558343410492, 0.06836478412151337, -0.19290602207183838, 0.9767072796821594, 0.09396900981664658, -0.04920246824622154, -0.10527599602937698, 0.99322509765625]",-33.58006504606426,100,3.72
0.6911519775390625,0.48667312622070313,0.18567036437988282,13:58:55,"[0.9869544506072998, 0.14650318026542664, 0.06676658242940903, -0.15241198241710663, 0.9838141202926636, 0.09423563629388809, -0.051880091428756714, -0.10318230092525482, 0.9933085441589355]",-33.58006504606426,100,3.72
0.68642626953125,0.48568417358398436,0.18502439880371094,13:58:56,"[0.9868621826171875, 0.13034287095069885, 0.09546583890914917, -0.14073747396469116, 0.9837208986282349, 0.11174138635396957, -0.07934704422950745, -0.12370897084474564, 0.9891411066055298]",-32.950570487610136,100,3.72
0.6839572143554687,0.49100460815429686,0.18445982360839844,13:58:57,"[0.9870719909667969, 0.12289790064096451, 0.10288360714912415, -0.13538773357868195, 0.9828998446464539, 0.12481202930212021, -0.0857851430773735, -0.13712763786315918, 0.986831784248352]",-32.999421689711255,100,3.72
0.6910552978515625,0.483935302734375,0.18219415283203125,13:58:58,"[0.9842631816864014, 0.16910259425640106, 0.051286276429891586, -0.173692986369133, 0.9792133569717407, 0.10474689304828644, -0.03250723332166672, -0.11200658231973648, 0.9931756258010864]",-32.90881686465168,100,3.72
0.6954367065429687,0.48750653076171874,0.18304975891113281,13:58:59,"[0.9871239066123962, 0.14949887990951538, 0.056890085339546204, -0.15450479090213776, 0.9832026362419128, 0.09716397523880005, -0.04140857607126236, -0.1047026738524437, 0.9936411380767822]",-33.239998400909144,100,3.72
0.6937977294921875,0.48592190551757813,0.18069194030761718,13:59:00,"[0.9884743094444275, 0.13366197049617767, 0.07108468562364578, -0.14060795307159424, 0.9846016764640808, 0.10386960208415985, -0.05610668286681175, -0.1126675084233284, 0.9920474290847778]",-33.23800231346207,100,3.72
0.6942763061523437,0.48473373413085935,0.17183175659179686,13:59:01,"[0.9888830184936523, 0.14280517399311066, 0.04143766686320305, -0.14676065742969513, 0.9821614027023315, 0.11755963414907455, -0.02391035296022892, -0.12233414500951767, 0.9922009110450745]",-33.62457042338874,100,3.72
0.7040082397460937,0.49962701416015626,0.195968505859375,13:59:02,"[0.9942203164100647, 0.10398174077272415, 0.026715775951743126, -0.10591992735862732, 0.9906448125839233, 0.0860455259680748, -0.017518680542707443, -0.088377945125103, 0.995932936668396]",-33.62457042338874,100,3.72
0.7052731323242187,0.5097419738769531,0.1989483947753906,13:59:03,"[0.9966307878494263, 0.07525350898504257, 0.032618746161460876, -0.07759369909763336, 0.9939545392990112, 0.0776764452457428, -0.026576125994324684, -0.07994575053453445, 0.9964448809623718]",-33.32416073902558,100,3.72
0.7040891723632813,0.5071567687988281,0.19697393798828125,13:59:04,"[0.9965012073516846, 0.07426141947507858, 0.03834852576255798, -0.07728750258684158, 0.9934116005897522, 0.08461693674325943, -0.03181209787726402, -0.08728474378585815, 0.9956753253936768]",-33.06902344173932,100,3.72
0.7025009155273437,0.5061693420410156,0.19436183166503906,13:59:05,"[0.996023416519165, 0.07885466516017914, 0.04146426543593407, -0.08188238739967346, 0.9936431646347046, 0.07725633680820465, -0.03510865941643715, -0.0803443118929863, 0.9961486458778381]",-32.87798634491725,100,3.72
0.99788916015625,0.47473037719726563,0.18154530334472657,13:59:06,"[0.9682948589324951, 0.09148216992616653, 0.23245668411254883, -0.11658884584903717, 0.9884670972824097, 0.09664279222488403, -0.2209346890449524, -0.12068057060241699, 0.9677934050559998]",-34.330309371414856,100,3.72
1.0610325927734374,0.48163812255859373,0.18304714965820312,13:59:07,"[0.9864789843559265, 0.11613794416189194, 0.11563393473625183, -0.11760354042053223, 0.993043065071106, 0.0059103951789438725, -0.11414305120706558, -0.019429439678788185, 0.9932743310928345]",-33.85663429079105,100,3.72
1.0572679443359374,0.4793321838378906,0.18141998291015626,13:59:08,"[0.9842447638511658, 0.09929068386554718, 0.1462998241186142, -0.10609865188598633, 0.9935718774795532, 0.039471060037612915, -0.141440287232399, -0.05437139794230461, 0.9884525537490845]",-33.85663429079105,100,3.72
1.054319091796875,0.47836114501953125,0.17921736145019532,13:59:09,"[0.9815672636032104, 0.09384191036224365, 0.16649159789085388, -0.10332102328538895, 0.9934305548667908, 0.04919831082224846, -0.16078098118305206, -0.06549353152513504, 0.9848147630691528]",-33.17402781967888,100,3.72
1.0528919677734374,0.483184814453125,0.17969755554199218,13:59:10,"[0.9780654907226562, 0.06626185774803162, 0.19747719168663025, -0.08319910615682602, 0.9934176206588745, 0.07873554527759552, -0.19096016883850098, -0.09343844652175903, 0.9771404266357422]",-33.495700567126725,100,3.72
1.052822998046875,0.49879214477539063,0.17869270324707032,13:59:11,"[0.9824846386909485, 0.07284950464963913, 0.1715133637189865, -0.08685144782066345, 0.9933491349220276, 0.07559306174516678, -0.16486573219299316, -0.08916521072387695, 0.9822773933410645]",-33.06224528379439,100,3.72
1.0509886474609376,0.5019548950195313,0.16943074035644531,13:59:12,"[0.9878881573677063, 0.09173847734928131, 0.12514427304267883, -0.10001908242702484, 0.9930792450904846, 0.061561670154333115, -0.11863060295581818, -0.07333286106586456, 0.9902268052101135]",-32.0956803229173,100,3.72
1.0520262451171876,0.49812640380859374,0.17125538635253906,13:59:13,"[0.986728847026825, 0.07051054388284683, 0.14626836776733398, -0.0835840180516243, 0.9928479790687561, 0.08524402976036072, -0.13921165466308594, -0.0963384360074997, 0.9855653047561646]",-31.616912005430805,100,3.72
1.04973486328125,0.49904067993164064,0.1710167236328125,13:59:14,"[0.9809301495552063, 0.07411371171474457, 0.17967526614665985, -0.08768410980701447, 0.9937702417373657, 0.06879069656133652, -0.17345760762691498, -0.0832335352897644, 0.9813178181648254]",-31.616912005430805,100,3.72
1.10627001953125,0.501886474609375,0.17523695373535156,13:59:15,"[0.9655899405479431, 0.08134355396032333, 0.24702081084251404, -0.10112140327692032, 0.9925169944763184, 0.0684434324502945, -0.2396049201488495, -0.09106738120317459, 0.9665899872779846]",-31.527921854613943,100,3.72
1.3381162109375,0.5199371337890625,0.2280215606689453,13:59:16,"[0.9875100255012512, -0.014318347908556461, 0.1569042056798935, -0.011562513187527657, 0.9865908622741699, 0.1628028303384781, -0.15713132917881012, -0.1625836342573166, 0.974102795124054]",-32.51560494597703,100,3.72
1.40040771484375,0.5029104309082031,0.18090940856933593,13:59:17,"[0.998401939868927, 0.056145358830690384, -0.006425564177334309, -0.056326597929000854, 0.9978744983673096, -0.03276977688074112, 0.0045720357447862625, 0.03307934105396271, 0.9994422793388367]",-27.747112571697116,100,3.72
1.3803736572265626,0.5019208068847656,0.181952392578125,13:59:18,"[0.9913414120674133, 0.0968947634100914, 0.08862055093050003, -0.09761066734790802, 0.9952175617218018, 0.00377034698612988, -0.08783140033483505, -0.012388012371957302, 0.9960583448410034]",-29.05486866949802,100,3.72
1.38226806640625,0.5013599548339843,0.18131356811523439,13:59:19,"[0.9885693192481995, 0.044925566762685776, 0.14391791820526123, -0.04856260120868683, 0.9985809326171875, 0.02185748517513275, -0.14273172616958618, -0.02859666757285595, 0.9893482327461243]",-29.32371215203068,100,3.72
1.3948946533203126,0.5002142028808594,0.18058859252929688,13:59:20,"[0.9892060160636902, 0.04591038450598717, 0.13915356993675232, -0.049751561135053635, 0.9984671473503113, 0.024250416085124016, -0.13782693445682526, -0.03091176599264145, 0.9899738430976868]",-29.93930070654065,100,3.72
1.4050216064453125,0.49703384399414063,0.18178370666503907,13:59:21,"[0.9924563765525818, 0.019104283303022385, 0.12110067158937454, -0.023942315950989723, 0.9989669919013977, 0.038622044026851654, -0.12023773044347763, -0.04123012349009514, 0.9918885827064514]",-29.93930070654065,100,3.72
1.4064493408203125,0.49276913452148435,0.18238592529296874,13:59:22,"[0.9953282475471497, 0.013457085937261581, 0.09560610353946686, -0.02001604437828064, 0.997485876083374, 0.06797978281974792, -0.0944509282708168, -0.06957585364580154, 0.9930952787399292]",-29.909304783698737,100,3.72
1.4056751708984374,0.493938232421875,0.18199794006347655,13:59:23,"[0.9940502643585205, 0.010638587176799774, 0.1084015816450119, -0.01785232685506344, 0.9976734519004822, 0.0657949298620224, -0.10744941234588623, -0.06733869016170502, 0.9919275045394897]",-29.732850482831644,100,3.72
1.4038155517578126,0.4892167663574219,0.18509432983398438,13:59:24,"[0.988353967666626, 0.015373476780951023, 0.15139390528202057, -0.030273426324129105, 0.9948616623878479, 0.09661141037940979, -0.14913073182106018, -0.10006947815418243, 0.9837408661842346]",-29.34013514702702,100,3.72
1.46730517578125,0.49879803466796874,0.20221156311035157,13:59:25,"[0.9728502035140991, 0.031239591538906097, 0.22931760549545288, -0.04602998495101929, 0.9971704483032227, 0.059433214366436005, -0.22681206464767456, -0.0683751031756401, 0.9715354442596436]",-29.634465053384346,100,3.72
1.7140174560546875,0.4888436279296875,0.24786228942871094,13:59:26,"[0.9953069686889648, 0.09393005073070526, 0.023263979703187943, -0.09662432968616486, 0.9777812957763672, 0.18603087961673737, -0.005273193586617708, -0.18740570545196533, 0.9822684526443481]",-31.90119964832097,100,3.72
1.7444012451171875,0.5158324584960937,0.19266519165039062,13:59:27,"[0.9844950437545776, 0.15518994629383087, -0.08176571875810623, -0.16103388369083405, 0.9844284057617188, -0.07049012929201126, 0.06955313682556152, 0.08256423473358154, 0.9941557049751282]",-31.90119964832097,100,3.72
1.738091796875,0.519923095703125,0.18687908935546876,13:59:28,"[0.9988018274307251, 0.047294631600379944, 0.012574270367622375, -0.047489263117313385, 0.9987490177154541, 0.015658672899007797, -0.01181796845048666, -0.016237054020166397, 0.9997982978820801]",-28.71512886770806,100,3.72
1.736576904296875,0.5085476989746094,0.18468275451660157,13:59:29,"[0.9950208067893982, 0.09861142188310623, 0.0144707802683115, -0.09929366409778595, 0.9933483004570007, 0.05830855295062065, -0.008624636568129063, -0.05945507809519768, 0.9981937408447266]",-28.016182359101492,100,3.72
1.7360609130859375,0.5174761962890625,0.1883842010498047,13:59:30,"[0.9881545305252075, 0.1516229212284088, 0.023688435554504395, -0.15177522599697113, 0.9884035587310791, 0.004758897237479687, -0.022692177444696426, -0.008297842927277088, 0.9997080564498901]",-28.958714200502946,100,3.72
1.7402083740234375,0.5091031494140625,0.19295652770996094,13:59:31,"[0.9777851700782776, 0.20350413024425507, 0.050221413373947144, -0.20633353292942047, 0.9766627550125122, 0.05963539332151413, -0.03691333159804344, -0.06867296248674393, 0.9969561100006104]",-28.52645880396112,100,3.72
1.7565831298828125,0.49715304565429685,0.19233021545410156,13:59:32,"[0.9671770334243774, 0.25209805369377136, 0.031862154603004456, -0.25406497716903687, 0.9615837931632996, 0.10395979136228561, -0.004430069122463465, -0.108642578125, 0.9940710067749023]",-28.53538230415466,100,3.72
1.7661888427734376,0.49696588134765624,0.19574153137207032,13:59:33,"[0.969935417175293, 0.24322137236595154, 0.008284506388008595, -0.2417474240064621, 0.9590250849723816, 0.1477467268705368, 0.027990110218524933, -0.1453075408935547, 0.9889905452728271]",-28.757554448904393,100,3.72
1.764963623046875,0.5044071655273438,0.1967738494873047,13:59:34,"[0.9681445360183716, 0.25018641352653503, 0.010146337561309338, -0.25003233551979065, 0.9637881517410278, 0.09271612018346786, 0.013417393900454044, -0.09229951351881027, 0.9956408739089966]",-28.757554448904393,100,3.72
1.7533660888671876,0.5116406860351562,0.1860650634765625,13:59:35,"[0.9615110158920288, 0.26964953541755676, 0.05277981236577034, -0.27047088742256165, 0.9626864790916443, 0.008957519195973873, -0.04839502274990082, -0.02288815565407276, 0.9985659718513489]",-29.067569923745232,100,3.72
1.7487154541015626,0.4986264343261719,0.18265420532226562,13:59:36,"[0.9502837061882019, 0.2844732999801636, 0.1266327202320099, -0.29605188965797424, 0.9514467120170593, 0.08427592366933823, -0.09651003777980804, -0.11757589131593704, 0.9883631467819214]",-28.84952771412047,100,3.72
1.7492135009765626,0.49795672607421876,0.18345359802246095,13:59:37,"[0.9500513076782227, 0.28638455271720886, 0.12404204159975052, -0.297852486371994, 0.9506996273994446, 0.08633717894554138, -0.09320108592510223, -0.11897097527980804, 0.9885137677192688]",-29.344822681004352,100,3.72
1.749060302734375,0.4957422180175781,0.18457000732421874,13:59:38,"[0.941638708114624, 0.30842331051826477, 0.13487616181373596, -0.32093751430511475, 0.9434331655502319, 0.08326451480388641, -0.10156592726707458, -0.12169191241264343, 0.9873577952384949]",-29.402667667160387,100,3.72
2.0360511474609373,0.4715145263671875,0.2127532196044922,13:59:39,"[0.9089480638504028, 0.2955624461174011, 0.294034481048584, -0.3922382891178131, 0.8452683091163635, 0.3628644347190857, -0.1412889063358307, -0.4451565146446228, 0.8842359185218811]",-28.44251335423096,100,3.72
2.119384033203125,0.451421142578125,0.2848901062011719,13:59:40,"[0.9677333235740662, -0.15664315223693848, 0.19737057387828827, 0.07805737107992172, 0.9311211705207825, 0.35625895857810974, -0.23958145081996918, -0.32935744524002075, 0.9133040904998779]",-28.44251335423096,100,3.72
2.089268798828125,0.52151123046875,0.2161926727294922,13:59:41,"[0.9880897998809814, -0.02383767068386078, -0.1520209163427353, 0.03468496352434158, 0.9970061779022217, 0.06910596787929535, 0.14991846680641174, -0.07355573773384094, 0.9859583973884583]",-33.416195207070515,100,3.72
2.096748291015625,0.5178934326171875,0.20273857116699218,13:59:42,"[0.9999645948410034, 0.008152812719345093, 0.002072456991299987, -0.008137056604027748, 0.9999387860298157, -0.007500407285988331, -0.002133479341864586, 0.007483277935534716, 0.9999697208404541]",-30.437694449688536,100,3.72
2.08863818359375,0.5069721069335937,0.19546510314941407,13:59:43,"[0.9982234239578247, 0.05192079767584801, 0.029228052124381065, -0.05329371988773346, 0.9974082708358765, 0.04833728447556496, -0.026642590761184692, -0.04980907961726189, 0.9984033107757568]",-30.14830682983459,100,3.72
2.095852294921875,0.5373434448242187,0.19598420715332032,13:59:44,"[0.9916386008262634, -0.12632277607917786, 0.02637157030403614, 0.1275949478149414, 0.9903563857078552, -0.0539790503680706, -0.01929847151041031, 0.05689258873462677, 0.9981937408447266]",-29.982126206046885,100,3.72
2.091733154296875,0.5421246948242188,0.19616062927246095,13:59:45,"[0.9869154691696167, -0.13642559945583344, 0.08594108372926712, 0.1426396518945694, 0.9872354865074158, -0.07085195183753967, -0.07517807185649872, 0.08218349516391754, 0.9937776923179626]",-33.76308520029674,100,3.72
2.06798046875,0.4852781372070312,0.19744874572753907,13:59:46,"[0.9766634702682495, 0.09406460076570511, 0.19308118522167206, -0.11634030938148499, 0.9873793125152588, 0.10745683312416077, -0.18053649365901947, -0.12741228938102722, 0.9752808213233948]",-32.892537235813066,100,3.72
2.0275126953125,0.5000315246582031,0.319069580078125,13:59:47,"[0.8909949064254761, 0.408368319272995, 0.19840222597122192, -0.37992915511131287, 0.9098883867263794, -0.16660425066947937, -0.24855978786945343, 0.07306473702192307, 0.9658569097518921]",-32.892537235813066,100,3.72
2.0781533203125,0.5077463989257812,0.19451518249511718,13:59:48,"[0.7844949960708618, 0.6187580823898315, 0.04130464047193527, -0.6200432181358337, 0.7814896702766418, 0.0694286972284317, 0.010680417530238628, -0.08007711917161942, 0.9967314600944519]",-31.670641225792096,100,3.72
2.093007568359375,0.51843896484375,0.19685147094726563,13:59:49,"[0.8205427527427673, 0.5710532069206238, -0.02465304173529148, -0.57039475440979, 0.8208540678024292, 0.02912728860974312, 0.03686978295445442, -0.009838220663368702, 0.9992716312408447]",-28.541070912650632,100,3.72
2.083560791015625,0.5221458740234375,0.1967840576171875,13:59:50,"[0.8347893357276917, 0.5505241751670837, -0.007058246061205864, -0.5505466461181641, 0.8348028659820557, -0.0015976916765794158, 0.00501267658546567, 0.005219629500061274, 0.9999738335609436]",-30.35078287809845,100,3.72
2.0768193359375,0.5029923095703125,0.19493482971191406,13:59:51,"[0.7886728644371033, 0.6079999804496765, 0.09127502143383026, -0.6117992401123047, 0.7907916307449341, 0.018714286386966705, -0.06080123782157898, -0.0706014409661293, 0.9956498742103577]",-30.42122868133451,100,3.72
2.069638916015625,0.47468304443359377,0.19030995178222657,13:59:52,"[0.6849902272224426, 0.7022591233253479, 0.1939600557088852, -0.7152054309844971, 0.6988989114761353, -0.004636898171156645, -0.138814777135849, -0.1355450600385666, 0.9809984564781189]",-29.01352435446514,100,3.72
2.068818359375,0.48427545166015623,0.19205097961425782,13:59:53,"[0.7289875745773315, 0.66315758228302, 0.16970326006412506, -0.6713674664497375, 0.741030752658844, -0.011794879101216793, -0.13357719779014587, -0.10533493012189865, 0.9854246377944946]",-29.01352435446514,100,3.72
2.08754833984375,0.49818313598632813,0.19455648803710937,13:59:54,"[0.7659119367599487, 0.6422831416130066, 0.02917628549039364, -0.638658344745636, 0.7652527689933777, -0.08064548671245575, -0.07412447035312653, 0.04313366487622261, 0.9963157176971436]",-29.064130852198247,100,3.72
2.096566162109375,0.48892916870117187,0.19091146850585938,13:59:55,"[0.7685676217079163, 0.6271538138389587, 0.12641948461532593, -0.6216432452201843, 0.7787707448005676, -0.08411812037229538, -0.15120679140090942, -0.01393735222518444, 0.9884039163589478]",-29.27353820298682,100,3.72
2.107277587890625,0.486499267578125,0.1916249237060547,13:59:56,"[0.7719165086746216, 0.6218064427375793, 0.13229387998580933, -0.6190285086631775, 0.7825675010681152, -0.06627089530229568, -0.14473655819892883, -0.030738085508346558, 0.9889926910400391]",-29.080449482673046,100,3.72
2.11501708984375,0.4857288208007812,0.1940920867919922,13:59:57,"[0.7833741903305054, 0.6126822829246521, 0.10461978614330292, -0.6133522987365723, 0.7892600893974304, -0.029452580958604813, -0.10061729699373245, -0.04109639301896095, 0.9940760731697083]",-28.694378726356796,100,3.72
2.117625,0.4840130615234375,0.1934798126220703,13:59:58,"[0.7980761528015137, 0.589064359664917, 0.12679782509803772, -0.5939311981201172, 0.804515540599823, 0.000716674025170505, -0.1015886515378952, -0.07588113844394684, 0.9919283390045166]",-28.3669048485434,100,3.72
