x,y,z,utc,rm,dbm,tx_gain,cable_loss
8.42161328125,0.5096456909179687,1.538385498046875,14:37:10,"[0.3917558491230011, -0.6576973795890808, -0.6433984041213989, -0.08903976529836655, 0.6689102053642273, -0.737991213798523, 0.9157506823539734, 0.3464004397392273, 0.2034882754087448]",-27.032036106871978,100,3.72
8.4216787109375,0.5096411437988281,1.5383994140625,14:37:11,"[0.3921438753604889, -0.6580751538276672, -0.6427754163742065, -0.08819654583930969, 0.6686270236968994, -0.7383490204811096, 0.9156661629676819, 0.346229612827301, 0.20415803790092468]",-27.305737316172973,100,3.72
8.4220869140625,0.5095534057617187,1.5381580810546875,14:37:12,"[0.3897302448749542, -0.658859372138977, -0.6434397101402283, -0.08931271731853485, 0.6683512926101685, -0.7384644746780396, 0.9165880084037781, 0.3452692925930023, 0.20163220167160034]",-27.281744144681213,100,3.72
8.422005859375,0.5096170349121094,1.5382764892578125,14:37:13,"[0.39165744185447693, -0.657346248626709, -0.6438170075416565, -0.09010536223649979, 0.6689520478248596, -0.7378239035606384, 0.9156885147094727, 0.3469856083393097, 0.20276963710784912]",-27.039845634228715,100,3.72
8.4218291015625,0.5096007690429688,1.538354736328125,14:37:14,"[0.3921254873275757, -0.6575648784637451, -0.6433086395263672, -0.08927846699953079, 0.6688113212585449, -0.7380520105361938, 0.9155691862106323, 0.34684261679649353, 0.20355157554149628]",-27.039845634228715,100,3.72
8.4216474609375,0.5096649780273438,1.5384747314453124,14:37:15,"[0.3932756185531616, -0.6573634743690491, -0.6428122520446777, -0.08822618424892426, 0.668941080570221, -0.7380609512329102, 0.9151778221130371, 0.34697425365448, 0.20508155226707458]",-27.512858782882084,100,3.72
8.421982421875,0.5095941162109375,1.538194580078125,14:37:16,"[0.3901665210723877, -0.658708393573761, -0.6433298587799072, -0.08923879265785217, 0.6683636903762817, -0.7384622097015381, 0.9164095520973206, 0.34553322196006775, 0.20199079811573029]",-26.871474728021184,100,3.72
8.421845703125,0.5096775817871094,1.53832080078125,14:37:17,"[0.3916204273700714, -0.6580946445465088, -0.6430745720863342, -0.08912137895822525, 0.6684823036193848, -0.7383690476417542, 0.9158006310462952, 0.3464720845222473, 0.2031410187482834]",-26.89235430678107,100,3.72
8.4218447265625,0.5095854187011719,1.538342041015625,14:37:18,"[0.3921523690223694, -0.657765805721283, -0.6430867910385132, -0.08813713490962982, 0.6690009832382202, -0.7380172610282898, 0.915668249130249, 0.3460950553417206, 0.20437674224376678]",-26.964210149974637,100,3.72
8.4216640625,0.5096180419921875,1.5383759765625,14:37:19,"[0.3912752866744995, -0.6588099002838135, -0.6425520777702332, -0.08779297769069672, 0.6683120131492615, -0.738682210445404, 0.9160764217376709, 0.3454396426677704, 0.20365510880947113]",-27.477973242233617,100,3.72
8.4218037109375,0.5095888671875,1.538373291015625,14:37:20,"[0.39158251881599426, -0.6580243706703186, -0.6431695222854614, -0.08859054744243622, 0.6687800288200378, -0.7381632328033447, 0.91586834192276, 0.3460305631160736, 0.2035878300666809]",-27.257383993377026,100,3.72
8.4220078125,0.5096047668457031,1.538281494140625,14:37:21,"[0.3913422226905823, -0.6578425168991089, -0.6435017585754395, -0.08953946083784103, 0.6687341928482056, -0.7380902767181396, 0.9158787727355957, 0.3464646637439728, 0.20280106365680695]",-26.978852833546124,100,3.72
8.4218564453125,0.5095941467285157,1.53838427734375,14:37:22,"[0.39162448048591614, -0.6583149433135986, -0.6428465843200684, -0.08813169598579407, 0.6686015725135803, -0.7383798360824585, 0.9158946871757507, 0.3458227813243866, 0.2038223296403885]",-26.978852833546124,100,3.72
8.42178515625,0.5096035461425781,1.5383658447265625,14:37:23,"[0.39165711402893066, -0.6581520438194275, -0.6429934501647949, -0.08869321644306183, 0.6685622930526733, -0.738348126411438, 0.9158264994621277, 0.34620845317840576, 0.20347356796264648]",-26.92935594157008,100,3.72
8.4216982421875,0.5095494689941407,1.53838232421875,14:37:24,"[0.39096134901046753, -0.6581140160560608, -0.6434556245803833, -0.08892662823200226, 0.6688194274902344, -0.7380871176719666, 0.9161011576652527, 0.34578385949134827, 0.20295868813991547]",-27.3212821192425,100,3.72
8.0621650390625,0.4915042724609375,1.6055987548828126,14:37:26,"[-0.8963811993598938, 0.4415588974952698, 0.03906993195414543, -0.4368137717247009, -0.8948639035224915, 0.0917188972234726, 0.07546156644821167, 0.06514881551265717, 0.9950181841850281]",-30.179053709640044,100,3.72
8.02652490234375,0.47906118774414064,1.5458309326171875,14:37:27,"[-0.9712335467338562, 0.23678185045719147, 0.025293627753853798, -0.2342749685049057, -0.9691417217254639, 0.07667821645736694, 0.04266912117600441, 0.06854679435491562, 0.9967350363731384]",-28.262010611631577,100,3.72
8.04630029296875,0.5055056457519531,1.5440628662109375,14:37:28,"[-0.9552929997444153, 0.29478734731674194, 0.022709915414452553, -0.29136922955513, -0.9516850709915161, 0.09695110470056534, 0.05019264668226242, 0.0859997346997261, 0.9950300455093384]",-30.347353968093664,100,3.72
8.04475146484375,0.5038858032226563,1.543957275390625,14:37:29,"[-0.9555838704109192, 0.2940155267715454, 0.020354220643639565, -0.29094398021698, -0.9521095752716064, 0.09401565045118332, 0.04702150821685791, 0.08391790091991425, 0.9953626394271851]",-30.335103372461248,100,3.72
8.04439501953125,0.5034540100097656,1.5439049072265625,14:37:30,"[-0.9563050270080566, 0.2916615903377533, 0.020353350788354874, -0.28862863779067993, -0.9528768062591553, 0.09337721019983292, 0.04662878066301346, 0.08342253416776657, 0.9954227209091187]",-30.335103372461248,100,3.72
8.044806640625,0.5038309020996093,1.5438992919921875,14:37:31,"[-0.9555943012237549, 0.29395607113838196, 0.020720716565847397, -0.2908347249031067, -0.9521030187606812, 0.09441962093114853, 0.047483477741479874, 0.08420055359601974, 0.9953168034553528]",-30.674005769674523,100,3.72
8.0454033203125,0.5040332946777344,1.5438267822265626,14:37:32,"[-0.9552370309829712, 0.2949832081794739, 0.02251834236085415, -0.2916965186595917, -0.95181804895401, 0.09463384747505188, 0.04934876039624214, 0.08382923901081085, 0.9952574372291565]",-30.992560290464482,100,3.72
8.04517822265625,0.504080078125,1.5438450927734375,14:37:33,"[-0.9554159045219421, 0.29449206590652466, 0.021328965201973915, -0.2913186550140381, -0.9519572854042053, 0.09439713507890701, 0.04810347035527229, 0.08397499471902847, 0.995306134223938]",-30.817420582342862,100,3.72
8.0452197265625,0.504059326171875,1.5438275146484375,14:37:34,"[-0.9551261067390442, 0.295384019613266, 0.021963156759738922, -0.2921513617038727, -0.9516963958740234, 0.09445410966873169, 0.048802491277456284, 0.08379901945590973, 0.9952869415283203]",-30.39769152194671,100,3.72
8.04505419921875,0.5039830627441406,1.5438365478515625,14:37:35,"[-0.9551432132720947, 0.2953346371650696, 0.02188299410045147, -0.2921065390110016, -0.9517053961753845, 0.09450181573629379, 0.04873582348227501, 0.08387060463428497, 0.9952841401100159]",-30.589168805835477,100,3.72
8.0455771484375,0.50383447265625,1.5439185791015626,14:37:36,"[-0.9555127620697021, 0.2941588759422302, 0.02158641442656517, -0.29097017645835876, -0.9520743489265442, 0.09429097920656204, 0.04828839749097824, 0.08381523191928864, 0.9953106045722961]",-30.589168805835477,100,3.72
8.044564453125,0.5037743530273437,1.5438516845703125,14:37:37,"[-0.9558009505271912, 0.2932388186454773, 0.021342284977436066, -0.2900979518890381, -0.9523897767066956, 0.09379187971353531, 0.04782959446310997, 0.08345501869916916, 0.9953630566596985]",-30.30975724839292,100,3.72
8.04457421875,0.5036842346191406,1.5438505859375,14:37:38,"[-0.9558495283126831, 0.2930483818054199, 0.021779781207442284, -0.28989073634147644, -0.9524915218353271, 0.09339853376150131, 0.04811534658074379, 0.08296118676662445, 0.9953905344009399]",-30.24788757800699,100,3.72
8.0451298828125,0.5036651306152343,1.5438924560546874,14:37:39,"[-0.9557442665100098, 0.2933952510356903, 0.021728958934545517, -0.2902143895626068, -0.952339768409729, 0.09393945336341858, 0.04825473949313164, 0.08347603678703308, 0.9953407645225525]",-30.268269275685824,100,3.72
8.045154296875,0.5033591613769531,1.54387451171875,14:37:40,"[-0.9559271931648254, 0.29277825355529785, 0.02200145833194256, -0.2895779609680176, -0.9525357484817505, 0.09391618520021439, 0.04845379292964935, 0.08340589702129364, 0.9953369498252869]",-30.642290452230256,100,3.72
8.04633349609375,0.502407958984375,1.5441865234375,14:37:41,"[-0.9516641497612, 0.30415841937065125, 0.042696621268987656, -0.298810213804245, -0.9490198493003845, 0.10036852955818176, 0.07104787230491638, 0.08275894820690155, 0.9940337538719177]",-29.55283857287823,100,3.72
7.9824580078125,0.5251011352539062,1.569004638671875,14:37:42,"[-0.9630376100540161, 0.2692880928516388, -0.006520857568830252, -0.2687810957431793, -0.9590653777122498, 0.08916465193033218, 0.017757050693035126, 0.08762159943580627, 0.9959955811500549]",-29.55283857287823,100,3.72
7.66058349609375,0.4731829528808594,1.5819766845703125,14:37:43,"[-0.9431205987930298, 0.33224859833717346, -0.011591038666665554, -0.3323265016078949, -0.9412420392036438, 0.06018739566206932, 0.009087204933166504, 0.06061598286032677, 0.9981197714805603]",-30.663922407048354,100,3.72
7.6838798828125,0.5122174072265625,1.549967529296875,14:37:44,"[-0.9444000124931335, 0.3275170922279358, 0.02900284342467785, -0.3234357535839081, -0.9412415027618408, 0.09723012149333954, 0.05914320796728134, 0.08244357258081436, 0.9948392510414124]",-26.365534067554336,100,3.72
7.68255322265625,0.5125300903320312,1.5497896728515625,14:37:45,"[-0.9439634084701538, 0.32917770743370056, 0.0239813644438982, -0.32559749484062195, -0.9406620264053345, 0.09560971707105637, 0.05403094366192818, 0.08244380354881287, 0.9951300024986267]",-23.8715725802294,100,3.72
7.6837373046875,0.5130999145507813,1.5496868896484375,14:37:46,"[-0.9425980448722839, 0.33299824595451355, 0.02492200955748558, -0.32926496863365173, -0.9392699003219604, 0.09672993421554565, 0.055619388818740845, 0.0829714983701706, 0.994998574256897]",-23.99985162635158,100,3.72
7.6828134765625,0.5135982666015625,1.5497777099609376,14:37:47,"[-0.9424579739570618, 0.33350908756256104, 0.023337818682193756, -0.329861581325531, -0.9389763474464417, 0.09754373878240585, 0.054445382207632065, 0.0842326283454895, 0.9949575662612915]",-24.48761133890747,100,3.72
7.68303759765625,0.5133690795898438,1.549760498046875,14:37:48,"[-0.9423638582229614, 0.33374541997909546, 0.02375597134232521, -0.3301236629486084, -0.9390005469322205, 0.09641768038272858, 0.054485827684402466, 0.08301813155412674, 0.9950574040412903]",-24.121398765802486,100,3.72
7.68338720703125,0.5131890258789062,1.549788818359375,14:37:49,"[-0.9424435496330261, 0.3334726095199585, 0.024417409673333168, -0.3297653794288635, -0.9390678405761719, 0.09698653221130371, 0.05527195334434509, 0.08335231244564056, 0.9949861168861389]",-24.121398765802486,100,3.72
7.6833203125,0.5131602172851563,1.5497451171875,14:37:50,"[-0.9424123167991638, 0.33351394534111023, 0.025048810988664627, -0.3297516107559204, -0.9390684366226196, 0.09702782332897186, 0.05588267743587494, 0.08318033069372177, 0.9949663877487183]",-23.86135138297968,100,3.72
7.68320849609375,0.5132112426757812,1.5497293701171875,14:37:51,"[-0.9424282908439636, 0.3334927558898926, 0.024729035794734955, -0.3297352194786072, -0.939033567905426, 0.09742003679275513, 0.05571027100086212, 0.08365736156702042, 0.9949361085891724]",-23.726298836121988,100,3.72
7.683146484375,0.51323876953125,1.5497393798828125,14:37:52,"[-0.9421039819717407, 0.3344820439815521, 0.02370440773665905, -0.33082687854766846, -0.9386871457099915, 0.0970567986369133, 0.05471478030085564, 0.08359553664922714, 0.9949965476989746]",-23.753258433651933,100,3.72
7.68298046875,0.5137911987304687,1.549846923828125,14:37:53,"[-0.9417523145675659, 0.33537572622299194, 0.02501465380191803, -0.33156266808509827, -0.9383440613746643, 0.09786007553339005, 0.05629224702715874, 0.08386602252721786, 0.9948857426643372]",-23.847459312748313,100,3.72
7.6298193359375,0.5439136962890625,1.5862113037109375,14:37:54,"[-0.9446166753768921, 0.3281562924385071, -0.0035836484748870134, -0.32692670822143555, -0.9400131702423096, 0.09743813425302505, 0.02860626019537449, 0.0932132750749588, 0.9952351450920105]",-23.87162845584374,100,3.72
7.31267578125,0.5182977905273437,1.59432763671875,14:37:55,"[-0.8651715517044067, 0.5013232827186584, 0.012375643476843834, -0.4979809820652008, -0.8617886304855347, 0.09661941975355148, 0.059102751314640045, 0.07742953300476074, 0.9952444434165955]",-27.241519028740598,100,3.72
7.35622998046875,0.5394725952148437,1.5834111328125,14:37:56,"[-0.9142661094665527, 0.4033450186252594, 0.03781941533088684, -0.3977324068546295, -0.9114269614219666, 0.1054033413529396, 0.07698354870080948, 0.08132469654083252, 0.9937101602554321]",-27.241519028740598,100,3.72
7.3366708984375,0.4991310119628906,1.557465087890625,14:37:57,"[-0.9325951933860779, 0.36016881465911865, 0.02333628572523594, -0.3568105399608612, -0.9297710657119751, 0.09061994403600693, 0.054335881024599075, 0.07618509978055954, 0.9956120848655701]",-29.00819243996925,100,3.72
7.34023388671875,0.5023139343261719,1.557389892578125,14:37:58,"[-0.9325351119041443, 0.35978829860687256, 0.030505841597914696, -0.3555699288845062, -0.9297255277633667, 0.09581466764211655, 0.06283506006002426, 0.07850358635187149, 0.9949316382408142]",-29.15134134833734,100,3.72
7.33980517578125,0.5017915954589843,1.557308837890625,14:37:59,"[-0.9321785569190979, 0.36067211627960205, 0.03096441738307476, -0.3564806282520294, -0.9294825792312622, 0.09478224068880081, 0.06296619772911072, 0.07731575518846512, 0.99501633644104]",-28.301023788167058,100,3.72
7.339873046875,0.5016341552734375,1.5572918701171874,14:38:00,"[-0.9322164058685303, 0.36057519912719727, 0.03095373697578907, -0.35639891028404236, -0.9295366406440735, 0.09455902874469757, 0.06286827474832535, 0.07711759954690933, 0.9950379133224487]",-27.90078760594152,100,3.72
7.34005029296875,0.5018356628417969,1.5572666015625,14:38:01,"[-0.9320610761642456, 0.3609526753425598, 0.03122990019619465, -0.35673725605010986, -0.9293799996376038, 0.09482255578041077, 0.06325089931488037, 0.07723954319953918, 0.9950042366981506]",-28.067336038939334,100,3.72
7.339994140625,0.5020358276367187,1.5572783203125,14:38:02,"[-0.9321136474609375, 0.3608540892601013, 0.030796436592936516, -0.3566587269306183, -0.9293878078460693, 0.09504134207963943, 0.06291789561510086, 0.07760551571846008, 0.9949968457221985]",-27.953287830942948,100,3.72
7.3399521484375,0.5021183776855469,1.557259765625,14:38:03,"[-0.9320111274719238, 0.3611026704311371, 0.03098548762500286, -0.356892853975296, -0.929299533367157, 0.09502562135457993, 0.06310880184173584, 0.07750643789768219, 0.9949924945831299]",-28.02498888239789,100,3.72
7.33999658203125,0.502117431640625,1.5572564697265625,14:38:04,"[-0.9320031404495239, 0.3611326217651367, 0.030877375975251198, -0.3569314181804657, -0.9292852282524109, 0.09502070397138596, 0.06300896406173706, 0.07753848284482956, 0.9949963092803955]",-27.87561174514138,100,3.72
7.340033203125,0.5021070556640626,1.5572645263671876,14:38:05,"[-0.932052493095398, 0.36101117730140686, 0.03080717846751213, -0.3568151891231537, -0.9293288588523865, 0.09503024816513062, 0.06293698400259018, 0.07758070528507233, 0.9949975609779358]",-27.87561174514138,100,3.72
7.340025390625,0.5021052856445313,1.55725927734375,14:38:06,"[-0.9320091009140015, 0.3611295223236084, 0.030731862410902977, -0.3569422662258148, -0.9292852878570557, 0.09497952461242676, 0.06285858154296875, 0.07755228132009506, 0.9950047731399536]",-28.262515016495588,100,3.72
7.33855419921875,0.5012261352539062,1.55734716796875,14:38:07,"[-0.9327139854431152, 0.3587411344051361, 0.03673446178436279, -0.3540436327457428, -0.9303098917007446, 0.09579482674598694, 0.06853997707366943, 0.07634357362985611, 0.9947230219841003]",-28.446941924627275,100,3.72
7.131115234375,0.5753796997070313,1.6832564697265624,14:38:08,"[-0.976229727268219, 0.21455487608909607, -0.03068801574409008, -0.21662884950637817, -0.9704080820083618, 0.10667728632688522, -0.006891767960041761, 0.11078944057226181, 0.9938200116157532]",-29.37862864108751,100,3.72
6.66232080078125,0.5498118896484375,1.6873443603515625,14:38:09,"[-0.9761929512023926, -0.18256084620952606, 0.11712758988142014, 0.1860649436712265, -0.9823415279388428, 0.019621210172772408, 0.11147723346948624, 0.04094742611050606, 0.9929230213165283]",-29.32944222471847,100,3.72
6.057173828125,0.6065344848632812,1.6867291259765624,14:38:10,"[-0.955155611038208, -0.2908379137516022, 0.05559764802455902, 0.29287177324295044, -0.9555941820144653, 0.032647017389535904, 0.043633799999952316, 0.047465965151786804, 0.9979193806648254]",-37.056320518199755,100,3.72
5.4037763671875,0.6987786254882813,1.676797119140625,14:38:11,"[-0.8456532955169678, -0.5336810350418091, -0.007420676294714212, 0.5334716439247131, -0.8455927968025208, 0.019516363739967346, -0.016690384596586227, 0.012545357458293438, 0.9997820258140564]",-37.056320518199755,100,3.72
4.60035986328125,0.7222435302734375,1.728002685546875,14:38:12,"[-0.761147141456604, -0.6485346555709839, 0.0076056779362261295, 0.6484009623527527, -0.7611604928970337, -0.014522823505103588, 0.01520769577473402, -0.0061224764212965965, 0.9998655915260315]",-33.901231413740824,100,3.72
3.672338134765625,0.6721810913085937,1.7066854248046874,14:38:13,"[-0.6593213081359863, -0.750844419002533, -0.03909067064523697, 0.7483254075050354, -0.6603694558143616, 0.06262004375457764, -0.07283219695091248, 0.012034187093377113, 0.9972715973854065]",-32.25739426507979,100,3.72
2.723834228515625,0.62449560546875,1.751385498046875,14:38:14,"[-0.43865901231765747, -0.8985552787780762, 0.013292191550135612, 0.8980143070220947, -0.4377411901950836, 0.04419197514653206, -0.03389039263129234, 0.03132178634405136, 0.9989346265792847]",-33.44038478102161,100,3.72
1.87229736328125,0.5681976318359375,1.760767822265625,14:38:15,"[-0.14649684727191925, -0.9891592860221863, -0.010127054527401924, 0.9892038702964783, -0.14652740955352783, 0.002340859267860651, -0.0037993737496435642, -0.009674793109297752, 0.9999459981918335]",-38.50608805357042,100,3.72
1.7447828369140626,0.41104019165039063,1.502765869140625,14:38:18,"[0.8248814344406128, 0.5473747849464417, 0.14124968647956848, -0.12379007041454315, -0.06889772415161133, 0.9899137020111084, 0.5515855550765991, -0.8340467214584351, 0.01092711091041565]",-35.42476129024704,100,3.72
1.750942626953125,0.407442626953125,1.5003531494140625,14:38:19,"[0.8273898959159851, 0.5461146831512451, 0.13109037280082703, -0.11443355679512024, -0.06458812952041626, 0.9913290739059448, 0.5498462319374084, -0.8352168202400208, 0.009054279886186123]",-35.42476129024704,100,3.72
1.76739013671875,0.4241988220214844,1.49907421875,14:38:20,"[0.7364367842674255, 0.6613771915435791, 0.1422710418701172, -0.10795961320400238, -0.09271212667226791, 0.9898228049278259, 0.6678364872932434, -0.744301438331604, 0.0031254084315150976]",-37.17431145453902,100,3.72
1.7525362548828125,0.4108936462402344,1.5002738037109375,14:38:21,"[0.8162443041801453, 0.5592355728149414, 0.14491647481918335, -0.12407107651233673, -0.07529888302087784, 0.9894121885299683, 0.564226508140564, -0.8255820274353027, 0.007922676391899586]",-36.29622654203959,100,3.72
1.65099560546875,0.5250402221679688,1.6562510986328125,14:38:22,"[0.5810161828994751, -0.8138418197631836, -0.00903769675642252, 0.809503972530365, 0.576696515083313, 0.1101108118891716, -0.08440077304840088, -0.0712922140955925, 0.9938782453536987]",-38.534420286176776,100,3.72
1.652543701171875,0.5247088623046875,1.65642919921875,14:38:23,"[0.571138858795166, -0.8207659125328064, -0.011990527622401714, 0.8165918588638306, 0.5666264891624451, 0.11005537956953049, -0.08353555202484131, -0.07264826446771622, 0.9938531517982483]",-36.580171666505954,100,3.72
1.6491314697265624,0.5203980712890625,1.658878662109375,14:38:24,"[0.510136067867279, -0.8594878315925598, -0.03227899223566055, 0.8593549132347107, 0.5077835321426392, 0.060539454221725464, -0.03564218059182167, -0.05862246826291084, 0.997643768787384]",-36.580171666505954,100,3.72
1.65406787109375,0.5198947143554687,1.658724609375,14:38:25,"[0.37861260771751404, -0.9247875809669495, -0.03768784552812576, 0.9252508282661438, 0.3792184591293335, -0.010212812572717667, 0.023736609145998955, -0.031004009768366814, 0.9992373585700989]",-36.82853782833288,100,3.72
1.6442305908203125,0.5212463989257813,1.6585496826171875,14:38:26,"[0.3777236044406891, -0.9255455136299133, -0.026275955140590668, 0.9175598621368408, 0.37035849690437317, 0.14463230967521667, -0.12413225322961807, -0.07874079793691635, 0.9891365170478821]",-37.354185989071276,100,3.72
1.6628150634765626,0.5272330322265625,1.6612232666015625,14:38:27,"[0.7270614504814148, -0.6827524304389954, -0.07232407480478287, 0.685262143611908, 0.7281412482261658, 0.015036806464195251, 0.04239572957158089, -0.06049363687634468, 0.9972678422927856]",-38.19773297183863,100,3.72
1.6625601806640624,0.5416913452148437,1.6603687744140625,14:38:28,"[0.6507644653320312, -0.7587669491767883, -0.027898427098989487, 0.7524362802505493, 0.6493857502937317, -0.11017165333032608, 0.1017114520072937, 0.05070400983095169, 0.993520975112915]",-37.580254620592875,100,3.72
1.6597376708984375,0.5376185913085938,1.6597200927734375,14:38:29,"[0.6402318477630615, -0.7672929763793945, -0.03694161772727966, 0.7677575349807739, 0.640735924243927, -0.002418827498331666, 0.025525769218802452, -0.02681359276175499, 0.9993144869804382]",-36.84280087672007,100,3.72
1.6506915283203125,0.5314630737304687,1.65833544921875,14:38:30,"[0.7979164123535156, -0.6023076176643372, -0.02355801872909069, 0.6014960408210754, 0.7930862307548523, 0.09600414335727692, -0.039140485227108, -0.0907733365893364, 0.9951021075248718]",-36.575689345524566,100,3.72
1.660433837890625,0.54873046875,1.65848486328125,14:38:31,"[0.8862051963806152, -0.46226766705513, -0.030805615708231926, 0.4628145098686218, 0.8863518834114075, 0.013529683463275433, 0.021050279960036278, -0.026247361674904823, 0.9994338154792786]",-36.575689345524566,100,3.72
1.657713623046875,0.5312887573242188,1.6581837158203125,14:38:32,"[0.8933432698249817, -0.4473496973514557, -0.04261528700590134, 0.4491924047470093, 0.8862534761428833, 0.11305292695760727, -0.012806249782443047, -0.1201375350356102, 0.9926746487617493]",-36.62046874493757,100,3.72
1.6460164794921874,0.5375068359375,1.6575557861328125,14:38:33,"[0.9396930932998657, -0.34195923805236816, -0.006386047229170799, 0.34071141481399536, 0.9343066811561584, 0.10481800138950348, -0.0298769548535347, -0.10067255049943924, 0.9944708943367004]",-36.091552132719386,100,3.72
1.6418221435546876,0.5416044921875,1.657840087890625,14:38:34,"[0.9987324476242065, -0.049700476229190826, -0.007957425899803638, 0.05025885999202728, 0.9933152794837952, 0.10391732305288315, 0.0027394925709813833, -0.10418553650379181, 0.9945541024208069]",-35.924753492733544,100,3.72
1.642378173828125,0.5375009765625,1.65756689453125,14:38:35,"[0.9988280534744263, -0.04804989695549011, -0.005811150185763836, 0.048398762941360474, 0.9924427270889282, 0.11276096105575562, 0.0003490810049697757, -0.11291006207466125, 0.9936051368713379]",-35.793883890978606,100,3.72
1.6430482177734376,0.5375789794921875,1.6574520263671875,14:38:36,"[0.9988192319869995, -0.04823391139507294, -0.005794895812869072, 0.04857994616031647, 0.9923655390739441, 0.1133606880903244, 0.00028282543644309044, -0.11350835859775543, 0.9935370087623596]",-36.0446211557545,100,3.72
1.6422933349609374,0.5382925415039063,1.6575052490234374,14:38:37,"[0.9988069534301758, -0.04856685549020767, -0.005090824794024229, 0.048831094056367874, 0.9924207329750061, 0.11276809126138687, -0.00042455169023014605, -0.11288214474916458, 0.993608295917511]",-36.0446211557545,100,3.72
1.65383642578125,0.5393240966796875,1.65837353515625,14:38:38,"[0.9971593022346497, -0.07396350055932999, -0.01423876266926527, 0.0750969797372818, 0.990848183631897, 0.1121622696518898, 0.005812537390738726, -0.11291293799877167, 0.9935879111289978]",-36.89598991873628,100,3.72
1.7238292236328125,0.5376785278320313,1.6619412841796875,14:38:39,"[0.9866284132003784, 0.15985199809074402, -0.03180677443742752, -0.15550176799297333, 0.981682538986206, 0.11008471995592117, 0.04882141575217247, -0.10366670787334442, 0.9934131503105164]",-35.356275349293924,100,3.72
1.718967041015625,0.5474746704101563,1.65716650390625,14:38:40,"[0.9999416470527649, 0.0064283921383321285, -0.008684568107128143, -0.005389067344367504, 0.9933733344078064, 0.11480600386857986, 0.009365036152303219, -0.11475250124931335, 0.9933499693870544]",-36.18300771574269,100,3.72
1.722185791015625,0.5483801879882813,1.6564356689453126,14:38:41,"[0.9999014735221863, 0.008731470443308353, -0.010988468304276466, -0.007417955901473761, 0.9934109449386597, 0.11436649411916733, 0.011914652772247791, -0.11427371948957443, 0.9933778643608093]",-35.21926900971873,100,3.72
1.7245909423828125,0.5457073364257813,1.65575390625,14:38:42,"[0.9998877644538879, 0.00837258156388998, -0.012424868531525135, -0.006882751360535622, 0.9932897090911865, 0.11544756591320038, 0.013308088295161724, -0.11534909158945084, 0.9932358860969543]",-35.0441143868978,100,3.72
1.724343505859375,0.5447756958007812,1.6556287841796875,14:38:43,"[0.999923825263977, 0.0077004749327898026, -0.00964653491973877, -0.006530438549816608, 0.9932345151901245, 0.11594177782535553, 0.010474078357219696, -0.11586994677782059, 0.993209183216095]",-35.11601498502593,100,3.72
1.7254166259765624,0.5440006713867187,1.6556065673828124,14:38:44,"[0.9999189972877502, 0.0070570288226008415, -0.010594678111374378, -0.00577645655721426, 0.9931883811950684, 0.11637642979621887, 0.01134378369897604, -0.11630579829216003, 0.993148684501648]",-35.11601498502593,100,3.72
1.7259725341796874,0.5429874267578125,1.6556279296875,14:38:45,"[0.9999134540557861, 0.007646061014384031, -0.010706925764679909, -0.006337021943181753, 0.9930689334869385, 0.11736251413822174, 0.011530076153576374, -0.11728450655937195, 0.9930314421653748]",-35.16928763738506,100,3.72
1.7220032958984375,0.5402880859375,1.655802001953125,14:38:46,"[0.9999291896820068, 0.008481990545988083, -0.008344114758074284, -0.007433063816279173, 0.9929175972938538, 0.11857219785451889, 0.009290747344493866, -0.11850178241729736, 0.9929103851318359]",-35.3456040109641,100,3.72
1.71507763671875,0.544281005859375,1.66382275390625,14:38:47,"[0.995853066444397, 0.08837293833494186, -0.02160891331732273, -0.08562582731246948, 0.9907160997390747, 0.10559301823377609, 0.030739862471818924, -0.10330484807491302, 0.994174599647522]",-35.90108237806034,100,3.72
1.6753919677734375,0.55439599609375,1.6639779052734376,14:38:48,"[0.9962731003761292, 0.08623401075601578, 0.00189982692245394, -0.08601180464029312, 0.9915711879730225, 0.0968942642211914, 0.0064717670902609825, -0.09669655561447144, 0.9952928423881531]",-35.30621441199949,100,3.72
1.6744759521484376,0.5555990600585937,1.66208203125,14:38:49,"[0.9954544305801392, 0.09518060833215714, 0.0033435600344091654, -0.09506496042013168, 0.9908960461616516, 0.09532923251390457, 0.005760374013334513, -0.09521376341581345, 0.9954401850700378]",-34.617279238209655,100,3.72
1.716512939453125,0.554799560546875,1.664057861328125,14:38:50,"[0.9948552846908569, 0.09816411137580872, -0.025035761296749115, -0.09522742033004761, 0.9904701113700867, 0.09950245171785355, 0.03456474468111992, -0.09660644829273224, 0.994722306728363]",-34.617279238209655,100,3.72
1.801389404296875,0.5539550170898437,1.6626441650390624,14:38:51,"[0.9985799789428711, 0.03886689990758896, -0.03643359988927841, -0.034823931753635406, 0.9937882423400879, 0.10569875687360764, 0.04031546786427498, -0.10427989810705185, 0.9937305450439453]",-34.715103044513135,100,3.72
1.78339111328125,0.5535625610351562,1.65602685546875,14:38:52,"[0.9974427223205566, 0.06922810524702072, -0.017762761563062668, -0.06676100194454193, 0.9912077784538269, 0.11423681676387787, 0.025514988228678703, -0.1127588227391243, 0.9932947158813477]",-36.44368477220492,100,3.72
1.77717236328125,0.5524174194335938,1.6559630126953124,14:38:53,"[0.9999902248382568, -0.0016818384174257517, -0.0040904139168560505, 0.0021566832438111305, 0.9928913116455078, 0.11900489777326584, 0.003861189354211092, -0.11901255697011948, 0.9928852319717407]",-36.521237905451194,100,3.72
1.777998291015625,0.5516940307617187,1.6559371337890625,14:38:54,"[0.9999647736549377, -0.004025643691420555, -0.007368830963969231, 0.004872163757681847, 0.992915153503418, 0.11872569471597672, 0.006838676519691944, -0.11875741183757782, 0.9928997755050659]",-38.9582952361955,100,3.72
1.77804736328125,0.5518502197265625,1.6559454345703124,14:38:55,"[0.9999594688415527, -0.004493937827646732, -0.0078011127188801765, 0.00538445683196187, 0.9929788708686829, 0.11816949397325516, 0.00721529358997941, -0.11820670962333679, 0.9929627776145935]",-38.78371769013802,100,3.72
1.7776263427734376,0.5520969848632813,1.6558839111328125,14:38:56,"[0.9999692440032959, -0.004454122856259346, -0.0064515057019889355, 0.005186762660741806, 0.9929521679878235, 0.11840213090181351, 0.005878658965229988, -0.118431955575943, 0.9929447770118713]",-38.78371769013802,100,3.72
1.7766207275390624,0.5540359497070313,1.6560400390625,14:38:57,"[0.9996030926704407, -0.02808353491127491, -0.0022178147919476032, 0.028151080012321472, 0.992838978767395, 0.11609575897455215, -0.0010584464762359858, -0.116112120449543, 0.9932355284690857]",-39.61616705616487,100,3.72
1.764574462890625,0.5407073364257813,1.6602591552734376,14:38:58,"[0.9992707967758179, -0.03801032155752182, -0.0036199185997247696, 0.03817346692085266, 0.992499589920044, 0.1161351129412651, -0.0008215655107051134, -0.11618860810995102, 0.9932268261909485]",-40.1642546647923,100,3.72
1.752576904296875,0.5288136596679688,1.656224853515625,14:38:59,"[0.9985090494155884, -0.05407343804836273, -0.00746633717790246, 0.0545777827501297, 0.9914073944091797, 0.11888054758310318, 0.0009739020606502891, -0.11911080032587051, 0.9928804636001587]",-37.90321472369797,100,3.72
1.7509498291015626,0.5300275268554687,1.6562099609375,14:39:00,"[0.9985628724098206, -0.05332089215517044, -0.005393680185079575, 0.05358444154262543, 0.9915359616279602, 0.11825869232416153, -0.0009576308657415211, -0.11837775260210037, 0.9929681420326233]",-38.096998913447344,100,3.72
1.7510750732421876,0.5305098876953125,1.656222900390625,14:39:01,"[0.9986066818237305, -0.05240388959646225, -0.006202328950166702, 0.05276964232325554, 0.9916037321090698, 0.11805694550275803, -3.6390712921274826e-05, -0.11821974813938141, 0.9929874539375305]",-38.07535107709056,100,3.72
1.7516739501953125,0.5304330444335937,1.6562060546875,14:39:02,"[0.998602032661438, -0.052406761795282364, -0.006895298138260841, 0.05285446718335152, 0.9915926456451416, 0.11811210215091705, 0.0006474538240581751, -0.11831142753362656, 0.9929763078689575]",-38.05254069769131,100,3.72
1.751739013671875,0.5302604370117188,1.6561947021484376,14:39:03,"[0.9986163973808289, -0.05212226137518883, -0.006966549437493086, 0.05258054658770561, 0.9915832877159119, 0.11831246316432953, 0.0007412006380036473, -0.11851507425308228, 0.9929519891738892]",-38.05254069769131,100,3.72
1.7515452880859375,0.5303428955078126,1.65623388671875,14:39:04,"[0.998603343963623, -0.05238805711269379, -0.006848592776805162, 0.05283045396208763, 0.9915769100189209, 0.11825458705425262, 0.0005957781686447561, -0.11845123767852783, 0.9929596781730652]",-37.97088799279529,100,3.72
1.751591796875,0.5307454223632813,1.65629150390625,14:39:05,"[0.9986100792884827, -0.05222935974597931, -0.007070655468851328, 0.05269888415932655, 0.9916249513626099, 0.11790981888771057, 0.0008530845516361296, -0.11811854690313339, 0.9929991364479065]",-38.847163043403505,100,3.72
1.7514036865234375,0.5306619262695312,1.6562247314453125,14:39:06,"[0.9986506104469299, -0.05154881253838539, -0.006298466119915247, 0.0519319586455822, 0.991624116897583, 0.11825697124004364, 0.00014970466145314276, -0.11842448264360428, 0.9929630756378174]",-39.14289977094235,100,3.72
1.751236572265625,0.5305836791992188,1.6562725830078124,14:39:07,"[0.9986229538917542, -0.052067968994379044, -0.006413062568753958, 0.052461009472608566, 0.991610586643219, 0.11813665181398392, 0.0002081255370285362, -0.11831040680408478, 0.9929766654968262]",-39.2973406394067,100,3.72
1.751245361328125,0.530387451171875,1.65623486328125,14:39:08,"[0.9986128211021423, -0.05224476382136345, -0.0065469699911773205, 0.052652470767498016, 0.9915751814842224, 0.11834829300642014, 0.0003087348013650626, -0.11852884292602539, 0.9929505586624146]",-39.73437806760738,100,3.72
1.6341241455078126,0.56810986328125,1.6939158935546874,14:39:09,"[0.9993148446083069, 0.03287484496831894, 0.017004016786813736, -0.034649357199668884, 0.992464542388916, 0.11753097176551819, -0.013012072071433067, -0.11803962290287018, 0.9929236173629761]",-39.73437806760738,100,3.72
1.4159525146484375,0.5476129760742188,1.6924949951171875,14:39:10,"[0.9997916221618652, -0.020155103877186775, 0.003237646073102951, 0.01944645307958126, 0.988611102104187, 0.14923125505447388, -0.006208544131368399, -0.1491371989250183, 0.9887970089912415]",-36.069083216180495,100,3.72
1.3705244140625,0.530440673828125,1.6664990234375,14:39:11,"[0.9838795065879822, -0.1787361204624176, -0.005873672664165497, 0.1782337725162506, 0.9773702621459961, 0.11393031477928162, -0.014622709713876247, -0.11314059048891068, 0.9934713840484619]",-32.11931866709813,100,3.72
1.3746180419921874,0.5255108032226562,1.6636085205078126,14:39:12,"[0.9896166920661926, -0.1433905065059662, -0.009895376861095428, 0.1435876190662384, 0.9831998348236084, 0.11269739270210266, -0.006430604960769415, -0.11294808238744736, 0.9935801029205322]",-31.883338766620554,100,3.72
1.3752760009765626,0.5248506469726563,1.6635125732421876,14:39:13,"[0.990471363067627, -0.13731080293655396, -0.010595379397273064, 0.13762378692626953, 0.983992874622345, 0.11321521550416946, -0.005119894165545702, -0.11359459906816483, 0.9935140013694763]",-33.25856727749734,100,3.72
1.3761046142578126,0.5250057373046875,1.663474853515625,14:39:14,"[0.9907401204109192, -0.1352679431438446, -0.011688485741615295, 0.13571642339229584, 0.984194815158844, 0.11376120895147324, -0.00388449733145535, -0.11429411172866821, 0.9934393763542175]",-32.903752821749755,100,3.72
1.3757017822265625,0.5252235717773438,1.663480224609375,14:39:15,"[0.9908121824264526, -0.13477249443531036, -0.011295399628579617, 0.13518087565898895, 0.9843106865882874, 0.11339561641216278, -0.00416442658752203, -0.1138806864619255, 0.993485689163208]",-32.81075997887667,100,3.72
1.375753173828125,0.5252637329101563,1.6634698486328126,14:39:16,"[0.990837037563324, -0.13456794619560242, -0.011549090966582298, 0.13500697910785675, 0.9843468070030212, 0.11328928172588348, -0.0038767943624407053, -0.11381042748689651, 0.9934949278831482]",-32.81075997887667,100,3.72
1.375964111328125,0.5252178344726562,1.6634444580078125,14:39:17,"[0.9908342361450195, -0.13456355035305023, -0.011837474070489407, 0.13503551483154297, 0.9843452572822571, 0.11326869577169418, -0.003589675994589925, -0.11382897943258286, 0.9934938549995422]",-33.09982416355512,100,3.72
1.37589501953125,0.52516748046875,1.6634302978515625,14:39:18,"[0.9908566474914551, -0.13443277776241302, -0.01144514698535204, 0.13486060500144958, 0.9843593835830688, 0.11335437744855881, -0.003972405567765236, -0.11386143416166306, 0.9934886693954468]",-33.67943457173468,100,3.72
1.3752213134765625,0.5252445068359375,1.6634451904296874,14:39:19,"[0.9908787608146667, -0.1342839151620865, -0.011275799944996834, 0.13469354808330536, 0.9843855500221252, 0.11332559585571289, -0.0041180686093866825, -0.113810695707798, 0.993493914604187]",-33.725659253094676,100,3.72
1.3761788330078124,0.5252994995117187,1.66344189453125,14:39:20,"[0.9908808469772339, -0.134225532412529, -0.011777244508266449, 0.1346922665834427, 0.9843738079071045, 0.11342915147542953, -0.0036318772472441196, -0.11398107558488846, 0.9934762716293335]",-33.04418063700206,100,3.72
1.3748748779296875,0.5251311645507812,1.663434326171875,14:39:21,"[0.9908765554428101, -0.13433949649333954, -0.010793383233249187, 0.13469339907169342, 0.9843732118606567, 0.11343325674533844, -0.004613850731402636, -0.11385215818881989, 0.9934870004653931]",-33.13839610989894,100,3.72
1.3756458740234374,0.52514697265625,1.663433837890625,14:39:22,"[0.9908729791641235, -0.13423818349838257, -0.012283135205507278, 0.13476307690143585, 0.9843853116035461, 0.11324538290500641, -0.0031105170492082834, -0.11386710405349731, 0.9934911131858826]",-33.2637050243909,100,3.72
1.375189208984375,0.5253587036132813,1.6634974365234374,14:39:23,"[0.990277886390686, -0.13900460302829742, -0.005239198449999094, 0.1386646181344986, 0.9834655523300171, 0.11647997796535492, -0.011038681492209435, -0.11607404053211212, 0.993179202079773]",-33.2637050243909,100,3.72
1.203810302734375,0.54030517578125,1.6903934326171874,14:39:24,"[0.9891230463981628, -0.11364278942346573, 0.09338584542274475, 0.10120297223329544, 0.9865201115608215, 0.12859243154525757, -0.10674061626195908, -0.11774281412363052, 0.9872907996177673]",-32.564002480854114,100,3.72
1.0382813720703126,0.5074136962890625,1.700109619140625,14:39:25,"[0.995030403137207, -0.09333673119544983, 0.034681446850299835, 0.08715862035751343, 0.9848561882972717, 0.1498720496892929, -0.048144806176424026, -0.14610445499420166, 0.9880969524383545]",-33.97146753051346,100,3.72
0.9999717407226563,0.5187987670898437,1.6749722900390625,14:39:26,"[0.9972147941589355, -0.0742117390036583, 0.007433427032083273, 0.0725821778178215, 0.9885606169700623, 0.13221091032028198, -0.017159994691610336, -0.13130314648151398, 0.9911937117576599]",-32.092582597074866,100,3.72
1.0237498168945312,0.5162373657226562,1.670298095703125,14:39:27,"[0.9997878074645996, 0.020572051405906677, -0.0010365330381318927, -0.020310981199145317, 0.992973804473877, 0.11657831817865372, 0.003427505260333419, -0.11653252691030502, 0.9931809902191162]",-31.11398283309242,100,3.72
1.02566064453125,0.5159693603515625,1.6702064208984375,14:39:28,"[0.9998037815093994, 0.019809674471616745, 4.22609991801437e-05, -0.019678417593240738, 0.9929293990135193, 0.11706410348415375, 0.0022770396899431944, -0.11704196780920029, 0.9931243658065796]",-31.833443684908517,100,3.72
1.0275111083984374,0.5162158203125,1.6702528076171874,14:39:29,"[0.9998387098312378, 0.017435042187571526, -0.0043106647208333015, -0.016802417114377022, 0.9928268790245056, 0.11837445944547653, 0.006343607325106859, -0.11828293651342392, 0.9929596781730652]",-31.833443684908517,100,3.72
1.0271837158203125,0.51617236328125,1.670191650390625,14:39:30,"[0.9998411536216736, 0.017344292253255844, -0.0041023013181984425, -0.016739046201109886, 0.9928684234619141, 0.1180342584848404, 0.006120265927165747, -0.11794684082269669, 0.9930010437965393]",-31.897136752069734,100,3.72
1.0267564697265625,0.516056884765625,1.67021484375,14:39:31,"[0.9998570084571838, 0.016884932294487953, -0.0009147710516117513, -0.01665790192782879, 0.9928272366523743, 0.1183914914727211, 0.002907241927459836, -0.11835932731628418, 0.9929665923118591]",-31.87626434473779,100,3.72
1.0272069091796876,0.5159478149414063,1.670150634765625,14:39:32,"[0.9998394846916199, 0.01758722774684429, -0.00342333922162652, -0.01705898903310299, 0.9928330779075623, 0.11828552186489105, 0.005479118786752224, -0.1182081326842308, 0.9929737448692322]",-31.951404618942206,100,3.72
