x,y,z,utc,rm,dbm,tx_gain,cable_loss
0.43959579467773435,0.5030384521484375,1.9664827880859375,13:18:13,"[0.8546566963195801, 0.5177286267280579, 0.038975056260824203, -0.5150715112686157, 0.8549195528030396, -0.06175689026713371, -0.06529384851455688, 0.03270599618554115, 0.9973299503326416]",-37.436167282670425,100,3.72
0.49866763305664064,0.5386965942382812,1.9696185302734375,13:18:14,"[0.9086902737617493, 0.4172576665878296, -0.013344532810151577, -0.4172104597091675, 0.90652996301651, -0.06433412432670593, -0.014746688306331635, 0.06402727216482162, 0.9978392124176025]",-37.436167282670425,100,3.72
0.3942215881347656,0.5128566284179688,1.96138232421875,13:18:15,"[0.9439566135406494, 0.3281235098838806, 0.035789910703897476, -0.3264293670654297, 0.9441012144088745, -0.0460086390376091, -0.04888581484556198, 0.031747277826070786, 0.9982997179031372]",-35.76228746107983,100,3.72
0.3452392883300781,0.5137096557617188,1.9529256591796875,13:18:16,"[0.9614397883415222, 0.2749939262866974, 0.0034504374489188194, -0.27442121505737305, 0.9601108431816101, -0.053666628897190094, -0.018070798367261887, 0.05065035820007324, 0.9985529184341431]",-31.760804998281003,100,3.72
0.34282281494140626,0.5447332763671875,1.9814027099609375,13:18:20,"[0.9571146965026855, 0.28887292742729187, 0.021996252238750458, -0.28585636615753174, 0.9540014863014221, -0.09037298709154129, -0.047090768814086914, 0.08020954579114914, 0.9956650733947754]",-25.518475987604667,100,3.72
0.3608646240234375,0.4476261901855469,2.110261962890625,13:18:23,"[0.9550220966339111, 0.2864553928375244, 0.07665611803531647, -0.2855592668056488, 0.958093523979187, -0.022642046213150024, -0.0799296647310257, -0.00026621005963534117, 0.9968004822731018]",-24.616814614400656,100,3.72
0.37399725341796874,0.4349992370605469,2.10222412109375,13:18:24,"[0.9475213885307312, 0.31365516781806946, 0.06183622032403946, -0.31433236598968506, 0.9493120908737183, 0.0012936735292896628, -0.05829610675573349, -0.020662909373641014, 0.9980854988098145]",-25.310704681760996,100,3.72
0.3688898315429687,0.446425048828125,2.1191435546875,13:18:25,"[0.9430261254310608, 0.3275398015975952, 0.05847522243857384, -0.3275013267993927, 0.9447922110557556, -0.01051307562738657, -0.0586903840303421, -0.009236606769263744, 0.9982334971427917]",-26.953898420853687,100,3.72
0.37516912841796873,0.4652085876464844,2.12022119140625,13:18:26,"[0.9351441264152527, 0.35172274708747864, 0.04238634556531906, -0.35090646147727966, 0.9360601902008057, -0.025611478835344315, -0.04868431016802788, 0.009076780639588833, 0.9987729787826538]",-26.406345583931156,100,3.72
0.3778128356933594,0.4541468505859375,2.118444091796875,13:18:27,"[0.9369465112686157, 0.3453477621078491, 0.05353637412190437, -0.3451468348503113, 0.9384551644325256, -0.013248090632259846, -0.05481668561697006, -0.006065158173441887, 0.9984779953956604]",-26.007518742986658,100,3.72
0.3726649780273438,0.45716928100585935,2.119849365234375,13:18:28,"[0.9385976791381836, 0.3422735929489136, 0.04339564964175224, -0.34187984466552734, 0.9396001696586609, -0.01642325334250927, -0.04639580473303795, 0.0005787286791019142, 0.9989229440689087]",-26.304649903859037,100,3.72
0.366171875,0.459032470703125,2.1218359375,13:18:29,"[0.9385483264923096, 0.3393951654434204, 0.06275267153978348, -0.3387044668197632, 0.9406434297561646, -0.021661406382918358, -0.06637966632843018, -0.0009243335807695985, 0.9977940320968628]",-25.757373536271043,100,3.72
0.3643857727050781,0.474451416015625,2.125037109375,13:18:30,"[0.9420164227485657, 0.3336189091205597, 0.03610311076045036, -0.33257079124450684, 0.9425315260887146, -0.0321083664894104, -0.044740281999111176, 0.018239770084619522, 0.998832106590271]",-25.757373536271043,100,3.72
0.36795755004882813,0.47815191650390626,2.126859130859375,13:18:31,"[0.9403490424156189, 0.3286370635032654, 0.08798495680093765, -0.3266737163066864, 0.9444410800933838, -0.036267902702093124, -0.09501558542251587, 0.005362115800380707, 0.9954613447189331]",-25.37762425685454,100,3.72
0.36758221435546873,0.4726671447753906,2.126739501953125,13:18:32,"[0.9448317885398865, 0.3227234184741974, 0.056057728826999664, -0.3217172622680664, 0.9464682340621948, -0.026379244402050972, -0.06157006323337555, 0.006889209616929293, 0.9980790019035339]",-25.152738068187507,100,3.72
0.3706095886230469,0.4780843200683594,2.125329833984375,13:18:33,"[0.950109601020813, 0.30880722403526306, 0.043929994106292725, -0.30731257796287537, 0.9508642554283142, -0.03763148933649063, -0.05339233577251434, 0.02225380204617977, 0.9983255863189697]",-25.258721199827477,100,3.72
0.36436846923828126,0.4682083740234375,2.133765869140625,13:18:34,"[0.9655911326408386, 0.25246885418891907, 0.06239629164338112, -0.2509247958660126, 0.9674912095069885, -0.03158251941204071, -0.06834147125482559, 0.014839021489024162, 0.9975516200065613]",-25.381736852270915,100,3.72
0.38678668212890627,0.4826478881835938,2.132733642578125,13:18:36,"[0.9625536203384399, 0.24329252541065216, 0.11957966536283493, -0.2426416575908661, 0.9699057340621948, -0.02019747905433178, -0.1208948940038681, -0.009573851712048054, 0.9926191568374634]",-26.044091889997123,100,3.72
0.65116650390625,0.5085683898925781,2.1295009765625,13:18:37,"[0.9663122296333313, 0.22586660087108612, 0.12338963896036148, -0.22773000597953796, 0.9737237691879272, 0.0010260872077196836, -0.1199156641960144, -0.029091043397784233, 0.9923577904701233]",-25.085615494532973,100,3.72
0.8004210815429688,0.4960097045898437,2.14793212890625,13:18:38,"[0.9603224992752075, 0.27000096440315247, 0.06985801458358765, -0.2694220542907715, 0.9628584384918213, -0.017759138718247414, -0.07205835729837418, -0.0017667888896539807, 0.997398853302002]",-26.660932274105953,100,3.72
0.7147244262695313,0.5000578918457032,2.147032470703125,13:18:39,"[0.9606806039810181, 0.24653548002243042, 0.12772232294082642, -0.24459050595760345, 0.9691326022148132, -0.030943719670176506, -0.13140858709812164, -0.0015126368962228298, 0.991327166557312]",-26.660932274105953,100,3.72
0.6656140747070313,0.4903972473144531,2.140203857421875,13:18:40,"[0.9615397453308105, 0.2467474639415741, 0.1206524595618248, -0.24666665494441986, 0.9689708948135376, -0.015841558575630188, -0.12081758677959442, -0.014528652653098106, 0.9925683736801147]",-26.414916761318032,100,3.72
0.6504426879882812,0.4927237548828125,2.14611669921875,13:18:41,"[0.9614971876144409, 0.2691669762134552, 0.05542857572436333, -0.2689974904060364, 0.9630821347236633, -0.010637074708938599, -0.05624542012810707, -0.004682630766183138, 0.9984059929847717]",-25.68062853124981,100,3.72
0.648521484375,0.5022411804199218,2.15437451171875,13:18:42,"[0.9570329785346985, 0.25762566924095154, 0.13310497999191284, -0.25685229897499084, 0.9661710262298584, -0.02324748784303665, -0.13459132611751556, -0.011939706280827522, 0.9908292293548584]",-24.860191131648335,100,3.72
0.7089745483398437,0.5193511352539063,2.166400390625,13:18:44,"[0.9526863098144531, 0.30276063084602356, 0.026921527460217476, -0.3019840717315674, 0.9528588652610779, -0.029420852661132812, -0.03455989062786102, 0.019898971542716026, 0.9992045164108276]",-23.4509964438149,100,3.72
0.7283179931640625,0.5065272521972656,2.159857177734375,13:18:45,"[0.9507929086685181, 0.3077423572540283, 0.03588216379284859, -0.3075077533721924, 0.9514696598052979, -0.0120204146951437, -0.03783997893333435, 0.00039488167385570705, 0.9992837309837341]",-25.66210551526059,100,3.72
0.6979345703125,0.5030599670410156,2.1613154296875,13:18:46,"[0.9544410109519958, 0.27579018473625183, 0.11393923312425613, -0.2759309709072113, 0.9610627293586731, -0.014848755672574043, -0.11359789967536926, -0.017267102375626564, 0.9933767318725586]",-26.696521782425854,100,3.72
0.6874129638671875,0.5033400573730469,2.161290283203125,13:18:47,"[0.9605154395103455, 0.27222633361816406, 0.05747080594301224, -0.27186813950538635, 0.9622310400009155, -0.014112683944404125, -0.059142034500837326, -0.002069030422717333, 0.9982474446296692]",-26.696521782425854,100,3.72
0.6896574096679687,0.5039191284179687,2.16466162109375,13:18:48,"[0.965063214302063, 0.2580384612083435, 0.04548729211091995, -0.2575262784957886, 0.9661238193511963, -0.016882704570889473, -0.04830273985862732, 0.004578704480081797, 0.9988222718238831]",-25.86285044100846,100,3.72
0.98099951171875,0.5087331237792969,2.164768310546875,13:18:49,"[0.9877349734306335, 0.15596263110637665, -0.007438883651047945, -0.15486133098602295, 0.9846187233924866, 0.08089478313922882, 0.019941026344895363, -0.0787506103515625, 0.9966948628425598]",-25.779930927704417,100,3.72
1.186322265625,0.5168766479492187,2.146305419921875,13:18:50,"[0.9637941122055054, 0.25454768538475037, 0.079412542283535, -0.2528880834579468, 0.9670156836509705, -0.03046807274222374, -0.08454874902963638, 0.009282463230192661, 0.996376097202301]",-26.795763677132477,100,3.72
1.2022578125,0.5313148803710938,2.167507568359375,13:18:51,"[0.9680544137954712, 0.23399388790130615, 0.09009729325771332, -0.2331400066614151, 0.9722367525100708, -0.020036684349179268, -0.09228435903787613, -0.0016086819814518094, 0.9957314133644104]",-29.665258986527412,100,3.72
1.0661005859375,0.530084228515625,2.168302001953125,13:18:52,"[0.9678638577461243, 0.2246047854423523, 0.11310293525457382, -0.2222091406583786, 0.9744225144386292, -0.03352493792772293, -0.11773990839719772, 0.00731506897136569, 0.9930175542831421]",-29.92259614659031,100,3.72
1.028597900390625,0.516365478515625,2.17685888671875,13:18:53,"[0.9656682014465332, 0.2150847166776657, 0.14568278193473816, -0.21544510126113892, 0.9764227867126465, -0.01348911039531231, -0.14514927566051483, -0.01836063526570797, 0.9892393946647644]",-27.99992741677437,100,3.72
1.0472958984375,0.5267635498046875,2.192420654296875,13:18:54,"[0.9642843008041382, 0.23630505800247192, 0.11964816600084305, -0.23606842756271362, 0.9715988039970398, -0.016353290528059006, -0.12011437863111496, -0.012475932016968727, 0.9926816821098328]",-27.99992741677437,100,3.72
1.06416552734375,0.5171915283203125,2.193826171875,13:18:55,"[0.9662704467773438, 0.23050226271152496, 0.11484820395708084, -0.23224110901355743, 0.9726565480232239, 0.001812586560845375, -0.11129005253314972, -0.028423922136425972, 0.9933813810348511]",-28.294947045945342,100,3.72
1.0739224853515625,0.5113531494140625,2.190745849609375,13:18:56,"[0.9562623500823975, 0.275845468044281, 0.09732186794281006, -0.2823720872402191, 0.957362949848175, 0.06100952625274658, -0.07634315639734268, -0.08582209795713425, 0.9933812618255615]",-27.38107681921432,100,3.72
1.0381055908203125,0.5458858642578125,2.157031494140625,13:18:57,"[0.9440286159515381, 0.30967122316360474, 0.11363862454891205, -0.318512499332428, 0.9453398585319519, 0.06987372785806656, -0.08578924089670181, -0.10215812176465988, 0.9910620450973511]",-27.47915261791097,100,3.72
1.0043212280273437,0.6122918090820313,2.14497509765625,13:18:58,"[0.9986671805381775, -0.05126462131738663, -0.005983144510537386, 0.051561858505010605, 0.9960978031158447, 0.07162758708000183, 0.0022878360468894243, -0.07184062153100967, 0.9974135160446167]",-28.62860751761078,100,3.72
0.9415662841796875,0.49469595336914063,2.125760009765625,13:18:59,"[0.9977710247039795, 0.06656339764595032, 0.004727150779217482, -0.06652584671974182, 0.9977549910545349, -0.007701504975557327, -0.005229176487773657, 0.007369860541075468, 0.9999591708183289]",-28.075903350162026,100,3.72
0.9294120483398437,0.47157037353515624,2.1627802734375,13:19:00,"[0.9949973821640015, 0.031088566407561302, -0.09494057297706604, -0.029414847493171692, 0.9993870854377747, 0.01897834986448288, 0.09547239542007446, -0.016090746968984604, 0.9953020215034485]",-27.636588531546032,100,3.72
0.9544733276367188,0.486880859375,2.151557373046875,13:19:01,"[0.9903920888900757, 0.07277990132570267, -0.11758673936128616, -0.07352755963802338, 0.9972911477088928, -0.002027092268690467, 0.11712067574262619, 0.0106534818187356, 0.9930605292320251]",-28.6096662293169,100,3.72
0.9574237060546875,0.455699951171875,2.1660322265625,13:19:02,"[0.9938849806785583, 0.030679205432534218, -0.106072798371315, -0.028307639062404633, 0.9993160963058472, 0.023792019113898277, 0.10673017799854279, -0.02064386010169983, 0.9940736889839172]",-29.785102322198,100,3.72
0.9532078247070312,0.45260601806640627,2.174175048828125,13:19:03,"[0.9945525527000427, 0.02905365452170372, -0.10010528564453125, -0.02432291768491268, 0.9985435009002686, 0.04815847799181938, 0.10135866701602936, -0.04546128585934639, 0.9938107132911682]",-29.785102322198,100,3.72
1.0251458740234376,0.46272442626953125,2.17615869140625,13:19:04,"[0.9900410175323486, 0.011080285534262657, -0.1403423696756363, -0.0051588257774710655, 0.9990836977958679, 0.04248669743537903, 0.14068454504013062, -0.04133957251906395, 0.9891910552978516]",-29.82280724055874,100,3.72
1.0224857177734374,0.46463482666015626,2.18455322265625,13:19:05,"[0.9931672811508179, 0.01448979414999485, -0.11579640954732895, -0.008158519864082336, 0.9984549880027771, 0.05496399477124214, 0.11641392111778259, -0.053643714636564255, 0.9917510747909546]",-28.423076363165322,100,3.72
1.042468994140625,0.49211630249023436,2.187070556640625,13:19:06,"[0.9837177991867065, 0.04901678487658501, -0.17290662229061127, -0.04172265902161598, 0.9980893731117249, 0.045572634786367416, 0.17481008172035217, -0.037616483867168427, 0.9838833212852478]",-28.387429232763132,100,3.72
1.05054150390625,0.495765380859375,2.183393310546875,13:19:07,"[0.9845568537712097, 0.05724138393998146, -0.16544239223003387, -0.05007978156208992, 0.9976319670677185, 0.04714295268058777, 0.16774915158748627, -0.038129597902297974, 0.985092043876648]",-27.92562265395119,100,3.72
1.0407391357421876,0.49831396484375,2.165225341796875,13:19:10,"[0.9884753823280334, 0.05897194892168045, -0.13942278921604156, -0.05321675166487694, 0.9975839853286743, 0.04465571045875549, 0.14171938598155975, -0.03672144189476967, 0.9892255067825317]",-27.711993372533748,100,3.72
1.03695849609375,0.49608477783203125,2.142456298828125,13:19:11,"[0.993658185005188, 0.05486167594790459, -0.09815103560686111, -0.05019310861825943, 0.9975160956382751, 0.04941986873745918, 0.10061848908662796, -0.04417995363473892, 0.9939436912536621]",-27.711993372533748,100,3.72
1.059578857421875,0.4876864929199219,2.13131298828125,13:19:12,"[0.9908040165901184, 0.08611961454153061, -0.10435914248228073, -0.08233349770307541, 0.9957990646362305, 0.04006807878613472, 0.10737138241529465, -0.031107360497117043, 0.993732213973999]",-28.097363700389366,100,3.72
1.0558328857421875,0.5109660034179687,2.130740478515625,13:19:13,"[0.9889550805091858, 0.10300983488559723, -0.10656862705945969, -0.10000148415565491, 0.994432806968689, 0.03321224823594093, 0.10939653217792511, -0.022188398987054825, 0.9937505125999451]",-28.405052777075134,100,3.72
1.04897607421875,0.5200955200195313,2.12829248046875,13:19:14,"[0.9890308976173401, 0.10224859416484833, -0.10659783333539963, -0.10070003569126129, 0.9947193264961243, 0.01982405222952366, 0.10806190967559814, -0.008872193284332752, 0.9941045641899109]",-28.51709788054825,100,3.72
1.0454488525390624,0.5145903930664063,2.119701171875,13:19:15,"[0.985785961151123, 0.11948491632938385, -0.11810756474733353, -0.11720383167266846, 0.9927648901939392, 0.026099389418959618, 0.12037152051925659, -0.011885752901434898, 0.9926577806472778]",-28.927652920638224,100,3.72
1.03613671875,0.5162464599609375,2.11544140625,13:19:16,"[0.9864435791969299, 0.1313733011484146, -0.0983365848660469, -0.1298268586397171, 0.9912927746772766, 0.021991094574332237, 0.10036938637495041, -0.008926245383918285, 0.9949101805686951]",-29.022438287727887,100,3.72
1.1199990234375,0.5259312744140625,2.115875732421875,13:19:17,"[0.980085551738739, 0.19166292250156403, -0.05193830281496048, -0.1900079995393753, 0.9811525344848633, 0.035166092216968536, 0.057699430733919144, -0.024597087875008583, 0.998030960559845]",-28.93714199546406,100,3.72
1.3416954345703125,0.5578681640625,2.106384765625,13:19:18,"[0.983514130115509, 0.1790962815284729, -0.024989519268274307, -0.1787794679403305, 0.9837837815284729, 0.01440138928592205, 0.027163520455360413, -0.0096963569521904, 0.9995839595794678]",-30.988562524858303,100,3.72
1.410333740234375,0.5097591247558594,2.11106640625,13:19:19,"[0.980959951877594, 0.18540595471858978, -0.05781172588467598, -0.18214309215545654, 0.9815950989723206, 0.05740174278616905, 0.0673903301358223, -0.045778803527355194, 0.9966759085655212]",-30.988562524858303,100,3.72
1.4348927001953125,0.502956787109375,2.1119248046875,13:19:20,"[0.982312023639679, 0.18089596927165985, -0.048371195793151855, -0.17798656225204468, 0.9822675585746765, 0.058917440474033356, 0.058171384036540985, -0.04926588758826256, 0.997090220451355]",-32.47215406988453,100,3.72
1.4244361572265625,0.4933370361328125,2.123290283203125,13:19:21,"[0.9732105731964111, 0.22169488668441772, -0.06093096733093262, -0.21674947440624237, 0.9730682373046875, 0.07847213745117188, 0.07668685913085938, -0.0631631538271904, 0.9950525164604187]",-34.29758617010738,100,3.72
1.4198876953125,0.4939056701660156,2.131615478515625,13:19:22,"[0.9721176624298096, 0.2298833280801773, -0.046269387006759644, -0.22596979141235352, 0.9710806608200073, 0.07707124203443527, 0.0626486986875534, -0.06446683406829834, 0.9959514141082764]",-34.35160072022619,100,3.72
1.423235107421875,0.49768450927734376,2.114151611328125,13:19:23,"[0.9838024973869324, 0.17441198229789734, -0.04138908162713051, -0.1711452752351761, 0.9825761318206787, 0.07248055189847946, 0.053309403359889984, -0.06422300636768341, 0.9965106844902039]",-34.52699908336684,100,3.72
1.4268951416015625,0.5135889282226562,2.1157587890625,13:19:24,"[0.9734479784965515, 0.21590077877044678, -0.07606492936611176, -0.21029512584209442, 0.9747281670570374, 0.07537230849266052, 0.0904155746102333, -0.05737493932247162, 0.9942500591278076]",-34.65939118108627,100,3.72
1.42424169921875,0.5184471435546875,2.105437744140625,13:19:25,"[0.9762455821037292, 0.20550774037837982, -0.06863802671432495, -0.20025895535945892, 0.9767727255821228, 0.07623229175806046, 0.08271007984876633, -0.060676056891679764, 0.9947248101234436]",-34.65939118108627,100,3.72
1.4202841796875,0.5251870727539063,2.10508642578125,13:19:26,"[0.9724478125572205, 0.2213170826435089, -0.07323941588401794, -0.21609355509281158, 0.9736424088478088, 0.07296610623598099, 0.08745764195919037, -0.05512915924191475, 0.9946416020393372]",-34.25446710969258,100,3.72
1.4247889404296874,0.5281378784179688,2.10512744140625,13:19:27,"[0.9687453508377075, 0.2176629602909088, -0.11897610872983932, -0.20952382683753967, 0.9747471213340759, 0.07725168019533157, 0.13278645277023315, -0.049908872693777084, 0.9898872971534729]",-33.87209402113819,100,3.72
1.406860107421875,0.5256632080078125,2.106732177734375,13:19:28,"[0.9646784067153931, 0.2344488501548767, -0.12012188881635666, -0.22715675830841064, 0.9712396860122681, 0.07136745750904083, 0.13339915871620178, -0.04156014695763588, 0.9901906251907349]",-33.743006119569536,100,3.72
1.40067041015625,0.522651611328125,2.10565234375,13:19:29,"[0.9673699736595154, 0.23139815032482147, -0.10320018231868744, -0.22350634634494781, 0.9711994528770447, 0.08256231993436813, 0.11933273077011108, -0.0568024106323719, 0.9912281036376953]",-33.651103462320066,100,3.72
1.41493505859375,0.5162205810546875,2.10011474609375,13:19:30,"[0.9657142758369446, 0.24719008803367615, -0.07932846248149872, -0.24075739085674286, 0.9670698642730713, 0.08253338932991028, 0.0971176028251648, -0.0606047585606575, 0.9934260249137878]",-33.497457770330755,100,3.72
1.545792236328125,0.41817398071289064,2.10489599609375,13:19:31,"[0.9616686701774597, 0.2714572846889496, 0.038784947246313095, -0.2732585668563843, 0.9604806900024414, 0.05297751724720001, -0.02287106029689312, -0.06154513731598854, 0.9978422522544861]",-34.51925346394427,100,3.72
1.7772940673828126,0.4739856262207031,2.110297607421875,13:19:32,"[0.9706299901008606, 0.2236119508743286, -0.0887417197227478, -0.2212470918893814, 0.9745614528656006, 0.03577249124646187, 0.09448342025279999, -0.015088004991412163, 0.9954121112823486]",-34.51925346394427,100,3.72
1.7857655029296875,0.4599201354980469,2.10186962890625,13:19:33,"[0.9593865275382996, 0.25688859820365906, -0.11655793339014053, -0.25161558389663696, 0.9660786986351013, 0.058151379227638245, 0.12754255533218384, -0.026461854577064514, 0.9914800524711609]",-32.41561125635605,100,3.72
1.7891658935546875,0.45484832763671873,2.102445556640625,13:19:34,"[0.9553744792938232, 0.2702765166759491, -0.11920641362667084, -0.2648792862892151, 0.9624557495117188, 0.05931137874722481, 0.13076137006282806, -0.025089269503951073, 0.9910963773727417]",-36.42026941637916,100,3.72
1.77600830078125,0.45398233032226565,2.103506591796875,13:19:35,"[0.9424241185188293, 0.30580568313598633, -0.13535000383853912, -0.2981363832950592, 0.9516342282295227, 0.07420923560857773, 0.15149728953838348, -0.02958381548523903, 0.9880148768424988]",-36.42986751413137,100,3.72
1.7346282958984376,0.4513738708496094,2.108243408203125,13:19:36,"[0.9427125453948975, 0.31393542885780334, -0.11286083608865738, -0.30757635831832886, 0.9489172697067261, 0.07037583738565445, 0.12918905913829803, -0.03163086250424385, 0.991115391254425]",-35.98792628660024,100,3.72
1.728648193359375,0.4502973937988281,2.107783203125,13:19:37,"[0.9410343766212463, 0.31849706172943115, -0.11407852917909622, -0.3117189109325409, 0.9473284482955933, 0.07348548620939255, 0.13147474825382233, -0.03359193354845047, 0.9907501935958862]",-34.886226769072735,100,3.72
1.74934912109375,0.4558098754882812,2.10846875,13:19:38,"[0.9393817782402039, 0.3192436397075653, -0.12508127093315125, -0.3119679391384125, 0.947166383266449, 0.07451031357049942, 0.14225973188877106, -0.030972283333539963, 0.9893446564674377]",-34.886226769072735,100,3.72
1.7595064697265625,0.4651104736328125,2.109178466796875,13:19:39,"[0.9377960562705994, 0.32342255115509033, -0.1262395679950714, -0.31675955653190613, 0.9459000825881958, 0.07025977224111557, 0.14213362336158752, -0.02590174786746502, 0.9895085096359253]",-34.93570269908488,100,3.72
1.7691939697265624,0.4896188659667969,2.107698974609375,13:19:40,"[0.9319344758987427, 0.3396628797054291, -0.12699313461780548, -0.33298516273498535, 0.940238893032074, 0.0712156891822815, 0.1435932070016861, -0.024081528186798096, 0.9893437623977661]",-35.1371708450834,100,3.72
1.765512451171875,0.5118412475585937,2.109364013671875,13:19:41,"[0.9344179630279541, 0.3357664942741394, -0.11884432286024094, -0.33024728298187256, 0.9417204260826111, 0.0640263557434082, 0.13341602683067322, -0.02057936228811741, 0.9908464550971985]",-34.62255695482296,100,3.72
1.7602894287109374,0.5203328247070312,2.111856201171875,13:19:42,"[0.9336138367652893, 0.3391132056713104, -0.11561761051416397, -0.3348782956600189, 0.9406623840332031, 0.054870814085006714, 0.12736456096172333, -0.012510324828326702, 0.9917770624160767]",-33.217715962973706,100,3.72
1.7594136962890625,0.5104415893554688,2.110654541015625,13:19:43,"[0.933243989944458, 0.3395707309246063, -0.11724898219108582, -0.3352569043636322, 0.940499484539032, 0.055348969995975494, 0.12906749546527863, -0.012345565482974052, 0.9915589690208435]",-32.78129065547201,100,3.72
1.7500609130859375,0.49981582641601563,2.111344970703125,13:19:44,"[0.9290626049041748, 0.35371077060699463, -0.10831152647733688, -0.3490316867828369, 0.9351807236671448, 0.06011560931801796, 0.12255439162254333, -0.018047010526061058, 0.9922977089881897]",-32.78129065547201,100,3.72
1.7201864013671875,0.505941650390625,2.099654052734375,13:19:45,"[0.9989748597145081, 0.044426847249269485, -0.008688475005328655, -0.04423956200480461, 0.9988070130348206, 0.020674947649240494, 0.009596631862223148, -0.020269377157092094, 0.9997484683990479]",-32.86898034472028,100,3.72
1.7444874267578125,0.49621875,2.08585107421875,13:19:46,"[0.9974680542945862, 0.008096715435385704, 0.07065343856811523, -0.010062799789011478, 0.9995707273483276, 0.02751574106514454, -0.07040031999349594, -0.02815704420208931, 0.9971213340759277]",-33.490796524978606,100,3.72
2.0389735107421876,0.48407659912109374,2.0462020263671876,13:19:47,"[0.9950286149978638, 0.0474056601524353, -0.08758286386728287, -0.0500800795853138, 0.9983357787132263, -0.028594018891453743, 0.0860815942287445, 0.03283802419900894, 0.9957467913627625]",-32.69202162657653,100,3.72
2.11026416015625,0.4911784973144531,2.0655673828125,13:19:48,"[0.9988583326339722, 0.024765528738498688, -0.0408504456281662, -0.024049676954746246, 0.9995501041412354, 0.017923109233379364, 0.04127594083547592, -0.01692020520567894, 0.9990044832229614]",-35.744726839558226,100,3.72
2.096894775390625,0.48591650390625,2.063668212890625,13:19:49,"[0.9999110102653503, 0.0059137181378901005, -0.011959005147218704, -0.005658360198140144, 0.9997576475143433, 0.021275071427226067, 0.01208192203193903, -0.021205510944128036, 0.9997021555900574]",-35.783554829625935,100,3.72
2.100221923828125,0.49268881225585937,2.0639345703125,13:19:50,"[0.9995426535606384, 0.02308926358819008, -0.01952843926846981, -0.022781476378440857, 0.9996150135993958, 0.015839332714676857, 0.019886638969182968, -0.015387202613055706, 0.9996838569641113]",-35.421670124468264,100,3.72
2.113505126953125,0.49296356201171876,2.06544580078125,13:19:51,"[0.9988601207733154, 0.030417488887906075, -0.03678596019744873, -0.02959400787949562, 0.9993035793304443, 0.02272695116698742, 0.03745163977146149, -0.02161240018904209, 0.9990646839141846]",-35.421670124468264,100,3.72
2.104451416015625,0.49547601318359374,2.066200927734375,13:19:52,"[0.9981038570404053, 0.04528087005019188, -0.04169327765703201, -0.04421626031398773, 0.9986806511878967, 0.0261122714728117, 0.042820658534765244, -0.02421923726797104, 0.9987891912460327]",-35.71232930889887,100,3.72
2.111621826171875,0.49734759521484373,2.083037841796875,13:19:53,"[0.9989344477653503, 0.03062698058784008, -0.03452427685260773, -0.029677584767341614, 0.9991760849952698, 0.027684392407536507, 0.0353437215089798, -0.026630297303199768, 0.9990203380584717]",-35.55723409914789,100,3.72
2.101751708984375,0.4858376770019531,2.0896162109375,13:19:54,"[0.9993330240249634, 0.02188524603843689, -0.029232896864414215, -0.02085726149380207, 0.9991689920425415, 0.03501904383301735, 0.029975004494190216, -0.03438596799969673, 0.9989590048789978]",-35.612705121018536,100,3.72
2.095307373046875,0.4783759460449219,2.098511474609375,13:19:55,"[0.9996153712272644, 0.017722034826874733, -0.02133072353899479, -0.016760097816586494, 0.9988705515861511, 0.044460147619247437, 0.02209455519914627, -0.044085543602705, 0.9987834095954895]",-35.990380497740475,100,3.72
2.092958740234375,0.4914970397949219,2.105700439453125,13:19:56,"[0.9985712766647339, 0.045274268835783005, -0.0283830426633358, -0.04390610381960869, 0.9979246258735657, 0.047103144228458405, 0.030456697568297386, -0.04578965902328491, 0.9984866976737976]",-35.622078275267576,100,3.72
2.10429931640625,0.4938406982421875,2.110439697265625,13:19:57,"[0.9987021088600159, 0.038636546581983566, -0.03318550065159798, -0.037219587713479996, 0.9984112977981567, 0.042304009199142456, 0.034767258912324905, -0.04101395234465599, 0.9985535144805908]",-35.622078275267576,100,3.72
2.0958271484375,0.48356832885742185,2.1090771484375,13:19:58,"[0.9993531703948975, 0.03142539784312248, -0.01748231053352356, -0.03057243488729, 0.9984228610992432, 0.047086201608181, 0.01893443986773491, -0.04652126878499985, 0.9987378120422363]",-35.94642198658965,100,3.72
2.099233642578125,0.47847976684570315,2.108141357421875,13:19:59,"[0.9985576868057251, 0.03968844190239906, -0.0361582487821579, -0.03780918940901756, 0.9979697465896606, 0.05125275254249573, 0.03811897709965706, -0.0498117133975029, 0.9980309009552002]",-35.966580874174014,100,3.72
2.13328271484375,0.47640521240234374,2.087338134765625,13:20:00,"[0.9968873858451843, 0.052657969295978546, -0.05867467448115349, -0.05040258169174194, 0.9979562759399414, 0.039278555661439896, 0.06062309071421623, -0.036198940128088, 0.9975041151046753]",-35.791473856647656,100,3.72
2.342482177734375,0.48412921142578125,2.05843408203125,13:20:01,"[0.9962071180343628, 0.08263231813907623, 0.02726236917078495, -0.08167550712823868, 0.9960609674453735, -0.034520309418439865, -0.03000747598707676, 0.03216271102428436, 0.9990320801734924]",-36.24570326791718,100,3.72
2.51372509765625,0.44801031494140625,2.09607958984375,13:20:02,"[0.9914678335189819, 0.12209337949752808, -0.04565894231200218, -0.12204135209321976, 0.9925172328948975, 0.003935746382921934, 0.045797817409038544, 0.0016701134154573083, 0.9989493489265442]",-34.819828116938666,100,3.72
2.4824111328125,0.4526450500488281,2.096744384765625,13:20:03,"[0.99334716796875, 0.10061965137720108, -0.05600983276963234, -0.09983529150485992, 0.9948648810386658, 0.016637243330478668, 0.05739625170826912, -0.01093480084091425, 0.9982916116714478]",-34.666307258494335,100,3.72
2.48924462890625,0.45038790893554687,2.10001025390625,13:20:04,"[0.9948415756225586, 0.08052752166986465, -0.06168907508254051, -0.0793687030673027, 0.9966238141059875, 0.021014360710978508, 0.06317303329706192, -0.016009777784347534, 0.9978741407394409]",-34.666307258494335,100,3.72
2.45337451171875,0.4580273742675781,2.103355224609375,13:20:05,"[0.9977309703826904, 0.04393306002020836, -0.05101817101240158, -0.043536197394132614, 0.9990125298500061, 0.0088648134842515, 0.05135725066065788, -0.006623561959713697, 0.9986583590507507]",-34.930235747770205,100,3.72
2.431501708984375,0.457859375,2.1108134765625,13:20:06,"[0.998104453086853, 0.03597327694296837, -0.049934327602386475, -0.034905288368463516, 0.9991462826728821, 0.022097893059253693, 0.050686631351709366, -0.02031303383409977, 0.9985080361366272]",-34.09982827142574,100,3.72
2.4414404296875,0.46124136352539064,2.118253173828125,13:20:07,"[0.9984570741653442, 0.030910097062587738, -0.04613089561462402, -0.030120231211185455, 0.9993891716003418, 0.017720451578497887, 0.04665045812726021, -0.016303637996315956, 0.998778223991394]",-34.05138074884014,100,3.72
2.4594375,0.4706300048828125,2.125460205078125,13:20:08,"[0.997675359249115, 0.04877486452460289, -0.047591432929039, -0.04751214757561684, 0.9984971880912781, 0.02731301449239254, 0.0488521009683609, -0.02498834952712059, 0.9984933733940125]",-34.50114191461545,100,3.72
2.463564697265625,0.4768729858398438,2.128143310546875,13:20:09,"[0.9974370002746582, 0.05164225772023201, -0.04952321946620941, -0.05032389238476753, 0.9983540177345276, 0.027509210631251335, 0.05086234211921692, -0.024946503341197968, 0.9983940720558167]",-35.31827910114175,100,3.72
2.466010009765625,0.48100079345703123,2.132135009765625,13:20:10,"[0.9981508851051331, 0.04203489050269127, -0.04390743747353554, -0.04072077199816704, 0.9987077713012695, 0.0304071307182312, 0.04512885957956314, -0.028562959283590317, 0.9985727667808533]",-35.31827910114175,100,3.72
2.464887451171875,0.4842817687988281,2.13441162109375,13:20:11,"[0.998038649559021, 0.04164980724453926, -0.04673491790890694, -0.04016375169157982, 0.9986709356307983, 0.03229863941669464, 0.048018038272857666, -0.030358240008354187, 0.9983850121498108]",-35.390832022668704,100,3.72
2.461499755859375,0.49310992431640627,2.134327880859375,13:20:12,"[0.9980039596557617, 0.0423847921192646, -0.04681527987122536, -0.04103701934218407, 0.998725414276123, 0.02938491478562355, 0.048001084476709366, -0.02740509994328022, 0.9984712600708008]",-35.802877974101875,100,3.72
2.47372119140625,0.4968148803710937,2.133467041015625,13:20:13,"[0.9979142546653748, 0.0389084592461586, -0.05150974914431572, -0.037482649087905884, 0.9988946914672852, 0.0283631794154644, 0.05255638062953949, -0.026373298838734627, 0.9982696175575256]",-35.9180044884922,100,3.72
2.47959423828125,0.49343988037109376,2.133852294921875,13:20:14,"[0.9984103441238403, 0.03367086499929428, -0.04519978165626526, -0.031956080347299576, 0.9987613558769226, 0.03813903406262398, 0.04642796888947487, -0.03663399815559387, 0.9982496500015259]",-36.03071571986272,100,3.72
2.47447900390625,0.4952561340332031,2.13262255859375,13:20:15,"[0.9982333779335022, 0.03908337280154228, -0.044750604778528214, -0.03774034604430199, 0.998822808265686, 0.03047318384051323, 0.04588891938328743, -0.028730446472764015, 0.998533308506012]",-35.711341018197345,100,3.72
2.45345849609375,0.4963526611328125,2.136296875,13:20:16,"[0.9978026747703552, 0.04709548130631447, -0.046602603048086166, -0.045871853828430176, 0.9985827207565308, 0.026987221091985703, 0.04780753329396248, -0.024790175259113312, 0.9985488653182983]",-35.69903369148805,100,3.72
2.448348388671875,0.4986332092285156,2.142061767578125,13:20:17,"[0.9983043074607849, 0.0463414303958416, -0.03522733226418495, -0.04501640051603317, 0.9982814192771912, 0.037519749253988266, 0.03690551221370697, -0.03587031736969948, 0.998674750328064]",-35.69903369148805,100,3.72
2.462654296875,0.4980693664550781,2.1352041015625,13:20:18,"[0.9980993866920471, 0.04454026371240616, -0.04258843883872032, -0.04290757700800896, 0.9983364939689636, 0.03851151838898659, 0.04423290863633156, -0.036610957235097885, 0.998350203037262]",-35.71152347363877,100,3.72
2.527158935546875,0.5131921997070312,2.099546630859375,13:20:19,"[0.9974514245986938, 0.05329227074980736, -0.04744015261530876, -0.05188538879156113, 0.9981899261474609, 0.030409935861825943, 0.0489748977124691, -0.027870984748005867, 0.9984110593795776]",-35.96677485305848,100,3.72
2.7668095703125,0.44663995361328124,2.131431884765625,13:20:20,"[0.9997532367706299, 0.022030621767044067, -0.0028414896223694086, -0.021944383159279823, 0.9993818998336792, 0.027463382109999657, 0.0034447687212377787, -0.0273942518979311, 0.9996187686920166]",-36.00304323866114,100,3.72
2.842186767578125,0.48677752685546877,2.1384677734375,13:20:21,"[0.9956011772155762, 0.08796054869890213, -0.032268352806568146, -0.08620107173919678, 0.994900107383728, 0.052375443279743195, 0.03671075776219368, -0.04936348646879196, 0.9981060028076172]",-35.99327223700836,100,3.72
2.886677001953125,0.53350146484375,2.134068115234375,13:20:22,"[0.9816802144050598, 0.16100655496120453, -0.10188651084899902, -0.15812255442142487, 0.9867691993713379, 0.035829439759254456, 0.1063072457909584, -0.019062494859099388, 0.9941505789756775]",-29.266460706062233,100,3.72
2.84446435546875,0.522589599609375,2.129558349609375,13:20:23,"[0.9852038621902466, 0.15920066833496094, -0.06347085535526276, -0.15680763125419617, 0.9867742657661438, 0.04108418524265289, 0.06917203217744827, -0.03052358329296112, 0.9971376657485962]",-29.266460706062233,100,3.72
2.866212646484375,0.5411983032226563,2.12749755859375,13:20:24,"[0.9826346635818481, 0.17412537336349487, -0.06410545855760574, -0.1732420027256012, 0.9846934080123901, 0.01913265325129032, 0.06645570695400238, -0.007694648113101721, 0.9977596998214722]",-28.535575168012016,100,3.72
2.886669189453125,0.5330269775390625,2.124865234375,13:20:25,"[0.9864481091499329, 0.15162448585033417, -0.06269045919179916, -0.14991030097007751, 0.9882063865661621, 0.031225763261318207, 0.06668570637702942, -0.021404650062322617, 0.9975444078445435]",-28.585325544074315,100,3.72
2.8759248046875,0.5274791259765625,2.12543115234375,13:20:26,"[0.9887086749076843, 0.14134670794010162, -0.049762096256017685, -0.13985788822174072, 0.9896464347839355, 0.03224451467394829, 0.053804535418748856, -0.024920810014009476, 0.9982404708862305]",-28.458438606060085,100,3.72
2.86423193359375,0.5273787231445313,2.12871826171875,13:20:27,"[0.9879880547523499, 0.1495877355337143, -0.03877007216215134, -0.14869248867034912, 0.9885662794113159, 0.025044992566108704, 0.04207320883870125, -0.018979335203766823, 0.998934268951416]",-28.89562678378497,100,3.72
2.869407470703125,0.5257927856445312,2.12608544921875,13:20:28,"[0.9902582168579102, 0.1353958696126938, -0.032505061477422714, -0.13467209041118622, 0.9906110763549805, 0.02351916953921318, 0.035384271293878555, -0.018912527710199356, 0.9991948008537292]",-29.111311978698936,100,3.72
2.878533203125,0.5205401000976563,2.129179443359375,13:20:29,"[0.9921250343322754, 0.12439136952161789, -0.014651075936853886, -0.12399538606405258, 0.9919577836990356, 0.025394614785909653, 0.017692118883132935, -0.02337796799838543, 0.9995701313018799]",-28.467775450027517,100,3.72
2.858,0.5246438598632812,2.130210205078125,13:20:30,"[0.9928363561630249, 0.11936055123806, 0.005388440098613501, -0.11941991001367569, 0.9927648901939392, 0.012521011754870415, -0.0038549392484128475, -0.013074803166091442, 0.9999070763587952]",-28.467775450027517,100,3.72
2.845562255859375,0.5267742309570312,2.127791259765625,13:20:31,"[0.9926413893699646, 0.12059018760919571, 0.011001911014318466, -0.12070062756538391, 0.9926386475563049, 0.009995068423449993, -0.009715613909065723, -0.01124945655465126, 0.9998894929885864]",-28.832360228694213,100,3.72
2.845406982421875,0.5314052124023437,2.127686767578125,13:20:32,"[0.9928293824195862, 0.11718196421861649, 0.023625213652849197, -0.11732161045074463, 0.9930832982063293, 0.004609460011124611, -0.02292165905237198, -0.007348155602812767, 0.9997102618217468]",-29.10208400114594,100,3.72
2.840102783203125,0.5409048461914062,2.128423095703125,13:20:33,"[0.992728054523468, 0.11780522018671036, 0.02475869096815586, -0.11761026829481125, 0.9930172562599182, -0.009192932397127151, -0.025668783113360405, 0.006214205641299486, 0.9996511936187744]",-28.742791310585204,100,3.72
2.837259765625,0.5404213256835938,2.12719921875,13:20:34,"[0.9922952651977539, 0.1202133372426033, 0.029980696737766266, -0.12013284116983414, 0.9927477240562439, -0.004478522576391697, -0.030301645398139954, 0.0008423505933023989, 0.9995404481887817]",-28.73594012760634,100,3.72
2.844156005859375,0.54391357421875,2.126818603515625,13:20:35,"[0.9920862317085266, 0.12457435578107834, 0.015690071508288383, -0.12457794696092606, 0.9922095537185669, -0.0007519306964240968, -0.015661509707570076, -0.0012086568167433143, 0.9998766183853149]",-28.795787051044258,100,3.72
2.834640869140625,0.5439219970703125,2.129471923828125,13:20:36,"[0.9918327331542969, 0.12469524145126343, 0.026813354343175888, -0.1245264783501625, 0.9921849966049194, -0.007880663499236107, -0.02758648805320263, 0.004477327689528465, 0.9996094107627869]",-28.795787051044258,100,3.72
2.8346455078125,0.5436980590820313,2.127264892578125,13:20:37,"[0.9925972819328308, 0.11865371465682983, 0.025922099128365517, -0.11845585703849792, 0.9929181337356567, -0.009044865146279335, -0.02681172825396061, 0.005907283630222082, 0.9996230602264404]",-28.907400423740285,100,3.72
2.8291826171875,0.5471962890625,2.129049560546875,13:20:38,"[0.9919210076332092, 0.12356406450271606, 0.02871730551123619, -0.12315074354410172, 0.9922630190849304, -0.015748215839266777, -0.030441032722592354, 0.012084429152309895, 0.9994634985923767]",-28.775658457331772,100,3.72
2.82573046875,0.549143310546875,2.132916259765625,13:20:39,"[0.9915996789932251, 0.12508350610733032, 0.03292638808488846, -0.12446071207523346, 0.992016077041626, -0.020337728783488274, -0.03520742058753967, 0.016068844124674797, 0.9992508292198181]",-29.422994466187895,100,3.72
2.825906005859375,0.5562997436523438,2.13069482421875,13:20:40,"[0.9910473227500916, 0.1290290355682373, 0.03430373966693878, -0.1281612515449524, 0.9914017915725708, -0.02640414424240589, -0.03741569072008133, 0.021771345287561417, 0.9990625977516174]",-29.43675800887066,100,3.72
2.815031005859375,0.55849951171875,2.13274267578125,13:20:41,"[0.9890393614768982, 0.14476558566093445, 0.029053611680865288, -0.14386416971683502, 0.9891104698181152, -0.031040625646710396, -0.033230844885110855, 0.0265206266194582, 0.9990957975387573]",-29.558081576925474,100,3.72
