x,y,z,utc,rm,dbm,tx_gain,cable_loss
0.031752439498901365,0.5101862182617187,1.6724244384765625,14:31:28,"[0.9886257648468018, -0.15014685690402985, -0.00865970179438591, 0.14970141649246216, 0.987953782081604, -0.039202187210321426, 0.014441469684243202, 0.03745992109179497, 0.9991937875747681]",-36.448439663929044,100,3.72
0.030107183456420897,0.5103739929199219,1.672938232421875,14:31:29,"[0.9899137616157532, -0.141543447971344, -0.00601448118686676, 0.1411094069480896, 0.988876461982727, -0.047026097774505615, 0.012603815644979477, 0.04570308327674866, 0.9988755583763123]",-36.36066399701521,100,3.72
0.04589543914794922,0.5145582275390626,1.6738182373046875,14:31:30,"[0.9887252449989319, -0.14915594458580017, -0.013222531415522099, 0.14846953749656677, 0.9879834651947021, -0.04295932501554489, 0.01947128027677536, 0.04051182419061661, 0.9989893436431885]",-36.80116406331875,100,3.72
0.040628185272216795,0.5131185302734375,1.67292333984375,14:31:31,"[0.9880738854408264, -0.1539398580789566, 0.0035316224675625563, 0.15395835041999817, 0.9872848391532898, -0.03956548497080803, 0.0026039881631731987, 0.03963734582066536, 0.9992107152938843]",-36.80116406331875,100,3.72
0.041875526428222655,0.5141879272460937,1.673501220703125,14:31:32,"[0.9887354969978333, -0.14926551282405853, -0.011040205135941505, 0.14867782592773438, 0.9879772067070007, -0.04237915575504303, 0.017233217135071754, 0.04026034101843834, 0.9990406036376953]",-36.86554309618826,100,3.72
0.056962730407714844,0.5233853759765625,1.6762882080078125,14:31:34,"[-0.6129787564277649, 0.41356268525123596, -0.6732183694839478, 0.2372068613767624, -0.7164334058761597, -0.656091570854187, -0.7536510825157166, -0.5618621706962585, 0.34105852246284485]",-36.90681614204447,100,3.72
0.2990281066894531,0.5153782958984375,1.544501708984375,14:31:35,"[0.006000853609293699, 0.02483976259827614, 0.9996734261512756, -0.19569779932498932, -0.9803317785263062, 0.025533901527523994, 0.9806458950042725, -0.19578711688518524, -0.0010217404924333096]",-35.41329999179474,100,3.72
0.32221368408203127,0.4977911376953125,1.5633310546875,14:31:36,"[-0.005521851126104593, 0.01462127547711134, 0.9998778700828552, -0.21502919495105743, -0.9765198826789856, 0.013092205859720707, 0.9765920042991638, -0.21493062376976013, 0.008536198176443577]",-33.01214163331585,100,3.72
0.22019906616210938,0.4613763122558594,1.523250244140625,14:31:37,"[0.015319283120334148, -0.005295034497976303, 0.999868631362915, -0.22613458335399628, -0.974094569683075, -0.0016938671469688416, 0.9739755988121033, -0.22607892751693726, -0.01611982099711895]",-35.565116728525666,100,3.72
0.05689776611328125,0.4851510314941406,1.677291259765625,14:31:38,"[-0.6165170669555664, 0.422177791595459, -0.6645845770835876, 0.22664782404899597, -0.7131950259208679, -0.6633126139640808, -0.754014253616333, -0.5595701932907104, 0.34401121735572815]",-35.565116728525666,100,3.72
0.051596115112304684,0.49149508666992187,1.6750015869140624,14:31:39,"[0.9871554374694824, -0.15931686758995056, -0.011929010972380638, 0.1586512327194214, 0.986343264579773, -0.04423568770289421, 0.018813591450452805, 0.041774947196245193, 0.9989498853683472]",-35.39302871247897,100,3.72
0.03722062683105469,0.49121243286132815,1.6730262451171876,14:31:41,"[0.9872866272926331, -0.15889427065849304, 0.00420676963403821, 0.15893007814884186, 0.9863988757133484, -0.041934818029403687, 0.0025136496406048536, 0.04207026585936546, 0.9991114735603333]",-35.48739429425776,100,3.72
0.030415016174316405,0.4892197265625,1.6725040283203125,14:31:42,"[0.9870596528053284, -0.16034789383411407, -0.001339358277618885, 0.16015669703483582, 0.9862275719642639, -0.04129142314195633, 0.007941905409097672, 0.040542591363191605, 0.9991462230682373]",-35.017706665179006,100,3.72
0.031368125915527345,0.49063165283203125,1.67318408203125,14:31:43,"[0.987120509147644, -0.15995454788208008, -0.0027634412981569767, 0.1596505343914032, 0.9860557913780212, -0.04696488007903099, 0.010237153619527817, 0.04591881483793259, 0.9988927245140076]",-34.97810967720978,100,3.72
0.041675987243652346,0.489223876953125,1.6734952392578124,14:31:44,"[0.9865224361419678, -0.1631927639245987, -0.011897803284227848, 0.162584125995636, 0.985838770866394, -0.041089024394750595, 0.01843474805355072, 0.038600850850343704, 0.9990846514701843]",-34.97810967720978,100,3.72
0.04402656555175781,0.4898519287109375,1.6735574951171874,14:31:45,"[0.9864251613616943, -0.16378754377365112, -0.01179191842675209, 0.16316764056682587, 0.9857082366943359, -0.0418991781771183, 0.018485955893993378, 0.039406344294548035, 0.9990522265434265]",-34.439906550762,100,3.72
0.04082170104980469,0.49022698974609374,1.67305029296875,14:31:46,"[0.9863921403884888, -0.16438958048820496, 0.002579112770035863, 0.16435998678207397, 0.9855857491493225, -0.040081802755594254, 0.004047093912959099, 0.03996028006076813, 0.9991930723190308]",-34.88730987914204,100,3.72
0.03970072937011719,0.48701202392578125,1.673059326171875,14:31:47,"[0.9870961308479309, -0.15998375415802002, -0.006817401386797428, 0.15960268676280975, 0.9864088296890259, -0.03904644027352333, 0.012971540912985802, 0.0374545119702816, 0.9992141127586365]",-34.40921591629666,100,3.72
0.10534999847412109,0.5117240905761719,1.704730224609375,14:31:48,"[-0.6172539591789246, 0.4053996503353119, -0.6742764115333557, 0.240682452917099, -0.7186406254768372, -0.6524013876914978, -0.749045729637146, -0.5649838447570801, 0.3460111916065216]",-34.99952585301956,100,3.72
0.26122259521484376,0.5403391723632812,1.688822265625,14:31:49,"[0.9901944994926453, -0.1396910846233368, -0.001126431510783732, 0.1392233818769455, 0.9874774813652039, -0.07419638335704803, 0.01147689949721098, 0.07331202924251556, 0.9972429871559143]",-36.621732375636455,100,3.72
0.35672702026367187,0.5153892822265626,1.6829637451171875,14:31:50,"[0.9921888709068298, -0.11935878545045853, -0.03625992313027382, 0.1169915720820427, 0.9912213087081909, -0.061589859426021576, 0.043292902410030365, 0.056866664439439774, 0.9974426627159119]",-38.53889539647861,100,3.72
0.36170205688476564,0.5168268432617188,1.6791640625,14:31:51,"[0.9916817545890808, -0.12169084697961807, -0.041936200112104416, 0.11892455816268921, 0.9908943176269531, -0.06313049048185349, 0.04923674464225769, 0.05761810764670372, 0.9971238374710083]",-38.53889539647861,100,3.72
0.3597149047851563,0.5132189331054687,1.6789796142578124,14:31:52,"[0.9916412830352783, -0.12157665193080902, -0.04320549964904785, 0.11888277530670166, 0.9910788536071777, -0.06024648994207382, 0.05014462396502495, 0.054606515914201736, 0.9972480535507202]",-38.25452296835303,100,3.72
0.3590706481933594,0.5121578979492187,1.678304443359375,14:31:53,"[0.9913780093193054, -0.12414480745792389, -0.041924554854631424, 0.12158577889204025, 0.9908320307731628, -0.05889595299959183, 0.048851821571588516, 0.053290724754333496, 0.9973833560943604]",-38.882872156908526,100,3.72
0.3569593811035156,0.511625,1.678426025390625,14:31:54,"[0.9913341403007507, -0.12434772402048111, -0.04235881194472313, 0.1218092292547226, 0.9908570051193237, -0.05800825357437134, 0.04918471723794937, 0.052345868200063705, 0.9974170327186584]",-38.99883500690166,100,3.72
0.357296630859375,0.511119384765625,1.678376220703125,14:31:55,"[0.9922336339950562, -0.11784297227859497, -0.03981807827949524, 0.1153588742017746, 0.9915223717689514, -0.059796806424856186, 0.04652714729309082, 0.05473903566598892, 0.997416079044342]",-38.76276007792096,100,3.72
0.3551374206542969,0.5112275085449218,1.6785909423828125,14:31:56,"[0.9920943975448608, -0.11843939125537872, -0.04148207977414131, 0.11584710329771042, 0.9914445877075195, -0.06014234945178032, 0.048250406980514526, 0.05486131086945534, 0.9973275065422058]",-39.28810603772398,100,3.72
0.35551434326171877,0.511296875,1.6782724609375,14:31:57,"[0.9913997054100037, -0.12359987944364548, -0.04300820454955101, 0.12105611711740494, 0.9909824728965759, -0.05743825435638428, 0.04971973970532417, 0.05173785984516144, 0.9974222779273987]",-39.28810603772398,100,3.72
0.35697586059570313,0.5111791381835937,1.6790128173828125,14:31:58,"[0.9928531050682068, -0.11270054429769516, -0.039259012788534164, 0.10992566496133804, 0.9916900396347046, -0.066837377846241, 0.04646538197994232, 0.06204412132501602, 0.9969912171363831]",-38.563991937978706,100,3.72
0.35781576538085935,0.5124271240234375,1.678363037109375,14:31:59,"[0.9919369220733643, -0.11951284110546112, -0.042164478451013565, 0.11682303249835968, 0.9912561178207397, -0.06134912371635437, 0.04912780225276947, 0.055928681045770645, 0.9972253441810608]",-38.86393738865421,100,3.72
0.4152079162597656,0.4969921875,1.7183612060546876,14:32:00,"[0.9890285134315491, -0.13992001116275787, -0.04738180711865425, 0.13723453879356384, 0.9889622926712036, -0.05585980415344238, 0.054674722254276276, 0.04874451458454132, 0.9973137378692627]",-38.54823283749887,100,3.72
0.6506315307617188,0.5388563232421875,1.719078857421875,14:32:01,"[0.9932363629341125, -0.11106447875499725, -0.033856380730867386, 0.10735489428043365, 0.9895148873329163, -0.0966191291809082, 0.04423234611749649, 0.09233098477125168, 0.9947454333305359]",-38.74066208032129,100,3.72
0.7309152221679688,0.5132824096679688,1.6762513427734376,14:32:02,"[0.98886638879776, -0.14185361564159393, -0.04495351016521454, 0.13914519548416138, 0.9885396957397461, -0.058547768741846085, 0.052743542939424515, 0.05164085328578949, 0.9972719550132751]",-33.991609676972104,100,3.72
0.7361282348632813,0.5185034790039063,1.67400146484375,14:32:03,"[0.9873299598693848, -0.15076547861099243, -0.049490585923194885, 0.1472083330154419, 0.9866939783096313, -0.06902697682380676, 0.05923894792795181, 0.06086697801947594, 0.9963864684104919]",-31.370490442106153,100,3.72
0.7380232543945312,0.5169669189453125,1.6729920654296875,14:32:04,"[0.988141655921936, -0.1451389044523239, -0.05010709539055824, 0.14157363772392273, 0.9875485301017761, -0.06859119981527328, 0.05943844094872475, 0.06068398058414459, 0.9963857531547546]",-31.370490442106153,100,3.72
0.7380175170898438,0.5183585205078125,1.67382421875,14:32:05,"[0.9882470965385437, -0.14499451220035553, -0.04841748625040054, 0.14119337499141693, 0.9871826171875, -0.07439710199832916, 0.058584071695804596, 0.0666864886879921, 0.996052622795105]",-30.787995122268946,100,3.72
0.7365582275390625,0.5189009399414063,1.6725672607421875,14:32:06,"[0.9863042831420898, -0.15600505471229553, -0.05353773757815361, 0.15238305926322937, 0.9861054420471191, -0.06614720821380615, 0.06311315298080444, 0.05708303302526474, 0.9963725209236145]",-31.08957781436473,100,3.72
0.7369631958007813,0.5189708862304687,1.6724517822265625,14:32:07,"[0.9862622618675232, -0.1564655601978302, -0.0529647171497345, 0.1529187709093094, 0.9860677123069763, -0.0654703751206398, 0.062470655888319016, 0.05647165700793266, 0.9964478611946106]",-32.19140174856253,100,3.72
0.7378032836914062,0.5199096069335938,1.672462646484375,14:32:08,"[0.9862415790557861, -0.15613390505313873, -0.054311562329530716, 0.15243037045001984, 0.9860590100288391, -0.0667276382446289, 0.0639728531241417, 0.05753083899617195, 0.9962919354438782]",-31.136429199679164,100,3.72
0.7380636596679687,0.5203907470703125,1.6725059814453125,14:32:09,"[0.9862459897994995, -0.15553569793701172, -0.055923961102962494, 0.15169011056423187, 0.9861223101615906, -0.06747491657733917, 0.06564262509346008, 0.05806375667452812, 0.996152400970459]",-30.989490416888266,100,3.72
0.734976318359375,0.5197247314453125,1.672930908203125,14:32:10,"[0.986748218536377, -0.15525949001312256, -0.04714299738407135, 0.15204013884067535, 0.9861969947814941, -0.06556880474090576, 0.056672461330890656, 0.05753227695822716, 0.9967337846755981]",-30.989490416888266,100,3.72
0.7733572998046875,0.5136370239257813,1.6856092529296876,14:32:11,"[0.9930318593978882, -0.10307207703590393, -0.05713004991412163, 0.09889865666627884, 0.9925172924995422, -0.07161368429660797, 0.06408393383026123, 0.06546458601951599, 0.995794951915741]",-31.086966150521235,100,3.72
0.94812646484375,0.5503555297851562,1.6974849853515626,14:32:12,"[0.9916189312934875, -0.12879876792430878, 0.010138843208551407, 0.12917281687259674, 0.9868493676185608, -0.09717382490634918, 0.0025103578809648752, 0.09766906499862671, 0.9952157735824585]",-31.10719055891768,100,3.72
1.0650712890625,0.5078977355957032,1.666997802734375,14:32:13,"[0.9957652688026428, -0.07872655987739563, -0.047473009675741196, 0.07504244893789291, 0.9943600296974182, -0.07494533807039261, 0.05310545116662979, 0.07106547802686691, 0.9960569739341736]",-38.15038803038159,100,3.72
1.0666009521484374,0.5076278991699219,1.6662398681640624,14:32:14,"[0.9961467385292053, -0.07672840356826782, -0.04247811809182167, 0.07336411625146866, 0.9944220185279846, -0.07577983289957047, 0.04805564135313034, 0.0723714679479599, 0.9962193369865417]",-33.13889752624002,100,3.72
1.065854736328125,0.5071504516601563,1.6660880126953126,14:32:15,"[0.9961354732513428, -0.07750599831342697, -0.04131500422954559, 0.07426293194293976, 0.9944167733192444, -0.07496843487024307, 0.04689483717083931, 0.07161054015159607, 0.996329665184021]",-32.58626087478206,100,3.72
1.063753662109375,0.5062190551757813,1.6662203369140625,14:32:16,"[0.9960376620292664, -0.08046920597553253, -0.03786388039588928, 0.07757360488176346, 0.9943421483039856, -0.07256754487752914, 0.04348910227417946, 0.06934276968240738, 0.9966444969177246]",-32.58626087478206,100,3.72
1.0653780517578124,0.5069796447753906,1.666017333984375,14:32:17,"[0.9960722923278809, -0.07833342254161835, -0.041277337819337845, 0.07510155439376831, 0.9943696856498718, -0.07475780695676804, 0.04690096527338028, 0.07136418670415878, 0.9963470697402954]",-33.227815560520185,100,3.72
1.0641116943359374,0.5068680419921875,1.6660430908203125,14:32:18,"[0.9961690306663513, -0.0779472142457962, -0.03964248672127724, 0.07482782751321793, 0.9943816661834717, -0.07487224042415619, 0.04525584727525711, 0.07161904126405716, 0.9964048266410828]",-33.19471296244047,100,3.72
1.0636783447265625,0.5066487426757813,1.666020751953125,14:32:19,"[0.9962615966796875, -0.07667368650436401, -0.03979957476258278, 0.0735584944486618, 0.9944981932640076, -0.07458211481571198, 0.045299090445041656, 0.07137569785118103, 0.9964203238487244]",-33.212281069612196,100,3.72
1.0632747802734375,0.5068943481445313,1.6659908447265626,14:32:20,"[0.9961451888084412, -0.07870720326900482, -0.03872878476977348, 0.07568174600601196, 0.9943671226501465, -0.07420433312654495, 0.04435104504227638, 0.07098722457885742, 0.9964907169342041]",-33.0452442989588,100,3.72
1.065596923828125,0.5075522766113282,1.6660860595703124,14:32:21,"[0.996408224105835, -0.07355605065822601, -0.041953738778829575, 0.07014090567827225, 0.9945011734962463, -0.07776667922735214, 0.04744325205683708, 0.07454468309879303, 0.996088445186615]",-32.696858058892275,100,3.72
1.0666790771484376,0.5059421997070312,1.6663402099609375,14:32:22,"[0.9828408360481262, -0.18127983808517456, -0.03408057242631912, 0.17791607975959778, 0.9804356694221497, -0.08421292155981064, 0.048679910600185394, 0.07670441269874573, 0.9958648085594177]",-32.696858058892275,100,3.72
1.1466456298828125,0.5439417114257813,1.7150999755859375,14:32:23,"[0.984470784664154, -0.17473694682121277, -0.016859138384461403, 0.1721198409795761, 0.9796697497367859, -0.10306254029273987, 0.034525223076343536, 0.09856027364730835, 0.9945319890975952]",-32.39824942425963,100,3.72
1.398773681640625,0.500209716796875,1.6683131103515625,14:32:24,"[0.998997688293457, -0.04370429366827011, -0.00967127364128828, 0.04290075972676277, 0.996501624584198, -0.07172176986932755, 0.012771989218890667, 0.07123497128486633, 0.9973778128623962]",-32.35472097555841,100,3.72
1.44962841796875,0.5197340087890625,1.6597110595703124,14:32:25,"[0.9967653751373291, -0.05561035871505737, -0.05801963061094284, 0.05049297586083412, 0.9949958324432373, -0.08621948212385178, 0.0625239834189415, 0.08301100879907608, 0.9945852756500244]",-32.71650796994076,100,3.72
1.448168212890625,0.5204600830078125,1.65946875,14:32:26,"[0.9970688223838806, -0.0539512075483799, -0.05424998328089714, 0.049203913658857346, 0.9951370358467102, -0.08533016592264175, 0.058589834719896317, 0.08241073787212372, 0.9948747158050537]",-32.54775704661225,100,3.72
1.44849072265625,0.5198517456054688,1.6594498291015625,14:32:27,"[0.9970023036003113, -0.05353814736008644, -0.055857110768556595, 0.04868961498141289, 0.9952059388160706, -0.08482040464878082, 0.06013045459985733, 0.08184648305177689, 0.9948293566703796]",-32.3714993388283,100,3.72
1.4464947509765624,0.5193907470703125,1.6594622802734376,14:32:28,"[0.9971095323562622, -0.05373326689004898, -0.05371543765068054, 0.04907132312655449, 0.9952031970024109, -0.08463186025619507, 0.05800532549619675, 0.08175134658813477, 0.9949633479118347]",-32.3714993388283,100,3.72
1.4479676513671875,0.5185670166015625,1.6589595947265625,14:32:29,"[0.9974089860916138, -0.05305962637066841, -0.04858015477657318, 0.04890119656920433, 0.9953392744064331, -0.08311700820922852, 0.05276389420032501, 0.08052602410316467, 0.995354950428009]",-32.41665172923553,100,3.72
1.443621337890625,0.516279052734375,1.6596806640625,14:32:30,"[0.9974552989006042, -0.05130067095160484, -0.04950982704758644, 0.047218360006809235, 0.995646059513092, -0.08037008345127106, 0.053417302668094635, 0.07782778888940811, 0.9955347180366516]",-32.243634673815926,100,3.72
1.414299560546875,0.5236966552734375,1.6683543701171875,14:32:31,"[0.9957343935966492, -0.07519371807575226, -0.05346866324543953, 0.07037794589996338, 0.9937310218811035, -0.08686549961566925, 0.05966521054506302, 0.0827319547533989, 0.9947841167449951]",-32.853001007461216,100,3.72
1.38556396484375,0.5107474670410156,1.663202392578125,14:32:32,"[0.9986042976379395, 0.04467908293008804, -0.028165481984615326, -0.0469227097928524, 0.9952924251556396, -0.08480103313922882, 0.02424405887722969, 0.08600427210330963, 0.9959997534751892]",-33.23963288865298,100,3.72
1.396373046875,0.5058370971679688,1.6604774169921874,14:32:33,"[0.9988816380500793, 0.04418287053704262, -0.016834110021591187, -0.04538969695568085, 0.9957812428474426, -0.07974647730588913, 0.01323966309428215, 0.08042138069868088, 0.996673047542572]",-32.813489562419576,100,3.72
1.3957379150390625,0.51281494140625,1.660117431640625,14:32:34,"[0.9990712404251099, 0.03915750980377197, -0.01798088848590851, -0.04062280431389809, 0.9951088428497314, -0.09004521369934082, 0.0143669955432415, 0.09069202095270157, 0.9957753419876099]",-32.271069479919944,100,3.72
1.38555859375,0.50955615234375,1.6602147216796874,14:32:35,"[0.9990520477294922, 0.04220575466752052, -0.01066067535430193, -0.04295976459980011, 0.9954667091369629, -0.08485569059848785, 0.007030948996543884, 0.08523323386907578, 0.9963362216949463]",-32.271069479919944,100,3.72
1.393235107421875,0.5088315124511719,1.6595042724609375,14:32:36,"[0.9988445043563843, 0.04408522695302963, -0.01913588121533394, -0.04552432522177696, 0.9955296516418457, -0.08275391906499863, 0.015402112156152725, 0.08352944254875183, 0.9963862895965576]",-31.75947081637262,100,3.72
1.394533447265625,0.509940673828125,1.659373046875,14:32:37,"[0.9989538192749023, 0.04087137058377266, -0.020512999966740608, -0.0424790158867836, 0.9954522252082825, -0.08526688814163208, 0.01693473756313324, 0.08604905754327774, 0.9961469769477844]",-32.29051080745633,100,3.72
1.395353759765625,0.5098329162597657,1.6591761474609374,14:32:38,"[0.9989033341407776, 0.04172287881374359, -0.021243849769234657, -0.043382253497838974, 0.9954530000686646, -0.08480179309844971, 0.01760907843708992, 0.085630401968956, 0.9961713552474976]",-32.168070697898074,100,3.72
1.3946260986328125,0.5094751281738281,1.659250732421875,14:32:39,"[0.998934268951416, 0.04136807471513748, -0.020471150055527687, -0.042957209050655365, 0.99549800157547, -0.08448917418718338, 0.016883835196495056, 0.08527851104736328, 0.9962140917778015]",-32.126539791554556,100,3.72
1.3938583984375,0.50901513671875,1.6594385986328124,14:32:40,"[0.9989018440246582, 0.042041610926389694, -0.02067941427230835, -0.04363739490509033, 0.9955119490623474, -0.08397483825683594, 0.017056167125701904, 0.08478501439094543, 0.996253252029419]",-32.063658777901104,100,3.72
1.3934598388671875,0.5083321228027343,1.6594501953125,14:32:41,"[0.9988257884979248, 0.045048587024211884, -0.017824647948145866, -0.046356912702322006, 0.9955968260765076, -0.0814741849899292, 0.014075865037739277, 0.08220481127500534, 0.9965160489082336]",-31.854421096114265,100,3.72
1.3986328125,0.5161002807617188,1.6593092041015625,14:32:42,"[0.9974887371063232, 0.06795338541269302, -0.019963080063462257, -0.0694538801908493, 0.9937108755111694, -0.08783426880836487, 0.01386889349669218, 0.08900021016597748, 0.9959350228309631]",-31.854421096114265,100,3.72
1.512561767578125,0.572864990234375,1.7273319091796875,14:32:43,"[0.9832658767700195, 0.16819964349269867, -0.06997942924499512, -0.17489692568778992, 0.9790549278259277, -0.1042233556509018, 0.05098337680101395, 0.11471845209598541, 0.9920889139175415]",-32.48948093330827,100,3.72
1.984693603515625,0.545275390625,1.7843731689453124,14:32:44,"[0.7465229630470276, 0.6650096774101257, 0.021576715633273125, -0.6613052487373352, 0.7451582551002502, -0.08610772341489792, -0.0733405351638794, 0.05001259967684746, 0.9960521459579468]",-36.504166257006375,100,3.72
2.8424599609375,0.4725699462890625,1.7952369384765625,14:32:45,"[0.44082364439964294, 0.8972382545471191, 0.025259511545300484, -0.895075261592865, 0.44151929020881653, -0.06245817244052887, -0.06719242036342621, 0.004923876374959946, 0.9977278709411621]",-35.2263264975575,100,3.72
3.713110107421875,0.5024150085449218,1.768796875,14:32:46,"[0.24066510796546936, 0.9678824543952942, 0.07269001752138138, -0.9535771608352661, 0.24974611401557922, -0.16827800869941711, -0.1810273826122284, -0.028816893696784973, 0.9830557703971863]",-35.6476882775467,100,3.72
4.4909326171875,0.5440708618164063,1.754762939453125,14:32:47,"[0.08035082370042801, 0.9899318218231201, 0.11652806401252747, -0.9817060828208923, 0.0988396406173706, -0.16273854672908783, -0.17261765897274017, -0.10132014006376266, 0.979763925075531]",-35.6476882775467,100,3.72
5.28785986328125,0.53557373046875,1.74036376953125,14:32:48,"[0.23026224970817566, 0.9675813913345337, 0.1037573367357254, -0.9631271958351135, 0.2418438196182251, -0.11788787692785263, -0.1391591876745224, -0.07278638333082199, 0.9875914454460144]",-32.282962031285805,100,3.72
6.10022705078125,0.5442597045898437,1.731749267578125,14:32:49,"[0.1707225888967514, 0.9787112474441528, 0.11392160505056381, -0.9723939895629883, 0.1860188990831375, -0.14087888598442078, -0.15907131135463715, -0.08672547340393066, 0.9834505915641785]",-36.85850167206609,100,3.72
6.84910595703125,0.5752308349609375,1.6849873046875,14:32:50,"[0.030374711379408836, 0.9986023306846619, 0.04325289651751518, -0.9898598790168762, 0.036059800535440445, -0.13739408552646637, -0.1387617439031601, -0.03864099830389023, 0.9895716309547424]",-29.577468322939957,100,3.72
7.31315185546875,0.62122021484375,1.6316448974609374,14:32:51,"[-0.5570281744003296, 0.8299025297164917, 0.031327471137046814, -0.8298336863517761, -0.5546858906745911, -0.06082453206181526, -0.03310152888298035, -0.05987756699323654, 0.9976567625999451]",-38.63151721051839,100,3.72
7.45596533203125,0.5795316772460938,1.5976170654296875,14:32:52,"[-0.9882513880729675, 0.06788689643144608, 0.1369326114654541, -0.08080581575632095, -0.9925577640533447, -0.09110170602798462, 0.12972891330718994, -0.10109634697437286, 0.986382246017456]",-32.83654039172271,100,3.72
7.35420849609375,0.5262199096679687,1.5579547119140624,14:32:53,"[-0.9917588233947754, 0.12808924913406372, 0.002756493166089058, -0.12774133682250977, -0.9869565963745117, -0.09797360002994537, -0.009828825481235981, -0.09751830250024796, 0.9951851963996887]",-32.954717581501534,100,3.72
7.34684765625,0.5190606689453126,1.5555501708984374,14:32:54,"[-0.992713987827301, 0.11968999356031418, -0.013899106532335281, -0.1176530122756958, -0.987737238407135, -0.10263006389141083, -0.02601245604455471, -0.10024702548980713, 0.9946224689483643]",-32.954717581501534,100,3.72
7.33873291015625,0.5130254516601562,1.5550494384765625,14:32:55,"[-0.9921658039093018, 0.12432226538658142, -0.01228700578212738, -0.12235017865896225, -0.9868587851524353, -0.10554688423871994, -0.025247367098927498, -0.10321669280529022, 0.9943383932113647]",-29.39023744260615,100,3.72
7.312134765625,0.5174227294921875,1.55971826171875,14:32:56,"[-0.9826688170433044, 0.18499819934368134, 0.011732462793588638, -0.18503651022911072, -0.9751411080360413, -0.12190716713666916, -0.011111799627542496, -0.12196530401706696, 0.9924721717834473]",-28.953088473553578,100,3.72
7.3014169921875,0.5400442504882812,1.5563233642578125,14:32:57,"[-0.9805083274841309, 0.1964201182126999, 0.004753900226205587, -0.1958327293395996, -0.9750450253486633, -0.10457874089479446, -0.01590610295534134, -0.1034712940454483, 0.9945052266120911]",-30.32562549244618,100,3.72
7.29322021484375,0.537047607421875,1.5553079833984376,14:32:58,"[-0.9628739356994629, 0.2656395435333252, 0.04805605486035347, -0.26903554797172546, -0.9589311480522156, -0.089838407933712, 0.02221781387925148, -0.0994318500161171, 0.9947962760925293]",-29.147846371936765,100,3.72
7.3218505859375,0.5293253173828125,1.558345703125,14:32:59,"[-0.9872705340385437, 0.15900838375091553, -0.003638250520452857, -0.1576913744211197, -0.9815645217895508, -0.10800234228372574, -0.020744455978274345, -0.10605380684137344, 0.9941439628601074]",-29.81967902144403,100,3.72
7.3351123046875,0.5388366088867188,1.5555338134765626,14:33:00,"[-0.9864616394042969, 0.16371551156044006, 0.009519681334495544, -0.163845032453537, -0.9814578294754028, -0.09947516769170761, -0.006942462641745806, -0.09968818724155426, 0.9949945211410522]",-29.81967902144403,100,3.72
7.33516064453125,0.5376766357421875,1.5552919921875,14:33:01,"[-0.9883741736412048, 0.15200385451316833, 0.0033677536994218826, -0.15152350068092346, -0.9829410314559937, -0.10424743592739105, -0.012535708956420422, -0.10354576259851456, 0.9945456981658936]",-29.374096875508968,100,3.72
7.3294306640625,0.535003662109375,1.554458984375,14:33:02,"[-0.9880170226097107, 0.15434350073337555, 0.0006255611660890281, -0.15352517366409302, -0.9823453426361084, -0.10689999163150787, -0.015884801745414734, -0.10571505129337311, 0.994269609451294]",-29.309749061867038,100,3.72
7.3324091796875,0.5381409912109375,1.554302001953125,14:33:03,"[-0.9880368113517761, 0.15420228242874146, 0.0022147337440401316, -0.15358904004096985, -0.9826086759567261, -0.10435803234577179, -0.013916031457483768, -0.1034497395157814, 0.994537353515625]",-29.370276842392457,100,3.72
7.33084375,0.5370755004882812,1.55430419921875,14:33:04,"[-0.9879235029220581, 0.15493841469287872, 0.001126356772147119, -0.15420092642307281, -0.982458770275116, -0.10486570745706558, -0.015141126699745655, -0.10377298295497894, 0.9944857358932495]",-28.922451947402678,100,3.72
7.331072265625,0.5361238403320312,1.5542899169921875,14:33:05,"[-0.9878324866294861, 0.15550561249256134, 0.0022208408918231726, -0.15486694872379303, -0.9822661876678467, -0.10568494349718094, -0.014253144152462482, -0.10474295914173126, 0.9943971633911133]",-28.773002706400497,100,3.72
7.3331259765625,0.535613037109375,1.5542789306640625,14:33:06,"[-0.9878276586532593, 0.15548397600650787, 0.004605715163052082, -0.15509560704231262, -0.9822295308113098, -0.10569050908088684, -0.011909310705959797, -0.10511833429336548, 0.9943884015083313]",-28.427489179774454,100,3.72
7.33433642578125,0.534951904296875,1.5542603759765625,14:33:07,"[-0.9879177212715149, 0.15485982596874237, 0.006083139218389988, -0.15463005006313324, -0.9822986721992493, -0.10573038458824158, -0.010397928766906261, -0.10539355129003525, 0.9943762421607971]",-28.427489179774454,100,3.72
7.33591943359375,0.5315396728515625,1.5542099609375,14:33:08,"[-0.9881039261817932, 0.15362106263637543, 0.0071573080494999886, -0.153483048081398, -0.9821499586105347, -0.10874032229185104, -0.009675253182649612, -0.10854525864124298, 0.9940444231033325]",-28.751686684148872,100,3.72
7.33884912109375,0.5352023315429687,1.5539361572265624,14:33:09,"[-0.9877077341079712, 0.1560523509979248, 0.009005875326693058, -0.15612593293190002, -0.9820829033851624, -0.10553593188524246, -0.007624613121151924, -0.10564470291137695, 0.994374692440033]",-28.6490142629104,100,3.72
7.34955908203125,0.529821533203125,1.5603916015625,14:33:10,"[-0.9888657331466675, 0.1487971544265747, -0.002001115819439292, -0.14769388735294342, -0.9830005764961243, -0.10907073318958282, -0.018196512013673782, -0.10756075382232666, 0.9940319657325745]",-29.48047336095906,100,3.72
7.64220947265625,0.551300537109375,1.5701842041015626,14:33:11,"[-0.9952161908149719, 0.09739117324352264, 0.007724511902779341, -0.09769032895565033, -0.9911066293716431, -0.09035630524158478, -0.001144092297181487, -0.09067866951227188, 0.9958795309066772]",-30.952917652158177,100,3.72
7.65741943359375,0.535853271484375,1.5495430908203125,14:33:12,"[-0.9946120977401733, 0.10335062444210052, -0.008091282099485397, -0.10207340866327286, -0.9899686574935913, -0.09768892079591751, -0.018106326460838318, -0.09633667021989822, 0.9951841235160828]",-36.23792867116896,100,3.72
7.6531259765625,0.5368345947265625,1.5489315185546875,14:33:13,"[-0.9945730566978455, 0.10328637063503265, -0.012503791600465775, -0.10156133025884628, -0.9899163842201233, -0.09874650835990906, -0.02257687784731388, -0.09694071859121323, 0.9950340390205383]",-36.23792867116896,100,3.72
7.654259765625,0.5384697265625,1.5480238037109375,14:33:14,"[-0.9816985130310059, 0.1902574747800827, -0.008376017212867737, -0.18847815692424774, -0.976935863494873, -0.10036107897758484, -0.027277277782559395, -0.0969456285238266, 0.9949158430099487]",-31.384620521745184,100,3.72
7.65097705078125,0.5379002685546875,1.547898193359375,14:33:15,"[-0.9821264147758484, 0.18795892596244812, -0.009954688139259815, -0.18601594865322113, -0.977329432964325, -0.10111980885267258, -0.028735380619764328, -0.09746070951223373, 0.9948244690895081]",-31.516849233851033,100,3.72
7.652990234375,0.5375986938476562,1.5478558349609375,14:33:16,"[-0.9820823073387146, 0.18829983472824097, -0.007580090779811144, -0.18659192323684692, -0.977238118648529, -0.10094135254621506, -0.026414792984724045, -0.09771833568811417, 0.9948635101318359]",-31.381461120366573,100,3.72
7.6531201171875,0.537540283203125,1.5478385009765625,14:33:17,"[-0.9821772575378418, 0.18779593706130981, -0.00778296310454607, -0.18606720864772797, -0.9773247241973877, -0.101071298122406, -0.026587260887026787, -0.09782177209854126, 0.9948487281799316]",-31.744134747918167,100,3.72
7.651498046875,0.5384063110351562,1.5477799072265626,14:33:18,"[-0.9821068644523621, 0.18808194994926453, -0.009553923271596432, -0.18619835376739502, -0.9773705005645752, -0.10038462281227112, -0.028218260034918785, -0.0968095064163208, 0.9949028491973877]",-31.926359373715385,100,3.72
7.65125634765625,0.5390966796875,1.547765380859375,14:33:19,"[-0.9821304082870483, 0.18790733814239502, -0.010519236326217651, -0.18594248592853546, -0.9774588346481323, -0.09999813884496689, -0.029072504490613937, -0.09625524282455444, 0.9949319958686829]",-31.41112842817121,100,3.72
7.65352685546875,0.5389313354492188,1.54780810546875,14:33:20,"[-0.982282817363739, 0.18718890845775604, -0.00898650847375393, -0.1853937953710556, -0.9776313900947571, -0.09932766854763031, -0.02737852931022644, -0.09590181708335876, 0.9950141906738281]",-31.41112842817121,100,3.72
7.65318701171875,0.5383074340820313,1.54774609375,14:33:21,"[-0.9829041361808777, 0.18382705748081207, -0.0103499386459589, -0.1819436401128769, -0.9783735871315002, -0.09839530289173126, -0.028213825076818466, -0.09483004361391068, 0.995093584060669]",-31.92356446819806,100,3.72
7.65348974609375,0.5269297485351563,1.5478111572265625,14:33:22,"[-0.9997820258140564, 0.010984780266880989, -0.017755595967173576, -0.009202946908771992, -0.9951936602592468, -0.09749283641576767, -0.018741194158792496, -0.09730818122625351, 0.9950778484344482]",-31.64918022574797,100,3.72
7.653615234375,0.527853759765625,1.5477864990234376,14:33:23,"[-0.9997692108154297, 0.013290878385305405, -0.016877124086022377, -0.011589167639613152, -0.9951968789100647, -0.09720543026924133, -0.018088005483150482, -0.09698740392923355, 0.9951212406158447]",-31.83561692198991,100,3.72
7.651955078125,0.5277476806640625,1.5477276611328126,14:33:24,"[-0.9997411370277405, 0.014717934653162956, -0.017351996153593063, -0.012955828569829464, -0.9951393008232117, -0.09762107580900192, -0.018704434856772423, -0.09737099707126617, 0.9950723648071289]",-31.617837052481605,100,3.72
7.646205078125,0.5278133544921875,1.5483157958984375,14:33:25,"[-0.9995681047439575, 0.016212549060583115, -0.024510523304343224, -0.013865754008293152, -0.9955642819404602, -0.09305673837661743, -0.02591048739850521, -0.09267669171094894, 0.9953590631484985]",-31.225547836351502,100,3.72
7.80100439453125,0.44911358642578125,1.5722738037109374,14:33:26,"[-0.999422013759613, -0.01872198097407818, -0.028375321999192238, 0.02253006026148796, -0.989830732345581, -0.14045463502407074, -0.025457175448536873, -0.1410127580165863, 0.9896804094314575]",-31.225547836351502,100,3.72
8.17075048828125,0.5580984497070313,1.58373828125,14:33:27,"[-0.9910005927085876, -0.11807641386985779, 0.06305370479822159, 0.11426586657762527, -0.9915775060653687, -0.06096978113055229, 0.06972172856330872, -0.053216200321912766, 0.996146023273468]",-34.88563771928294,100,3.72
8.11829248046875,0.5009248657226563,1.558449951171875,14:33:28,"[-0.9649336338043213, -0.2596179246902466, 0.03875125199556351, 0.2557693421840668, -0.9631131887435913, -0.08363620191812515, 0.059035297483205795, -0.07079199701547623, 0.9957426190376282]",-47.79215703514292,100,3.72
8.07104736328125,0.5001817321777344,1.544422119140625,14:33:29,"[-0.9837424159049988, -0.17816461622714996, -0.02254386804997921, 0.17939512431621552, -0.9807018637657166, -0.07772532850503922, -0.008260910399258137, -0.08050595968961716, 0.9967198967933655]",-36.93089809579101,100,3.72
8.06023193359375,0.4996441345214844,1.542394287109375,14:33:30,"[-0.9990969300270081, 0.029375169426202774, -0.030698036774992943, -0.026734279468655586, -0.9961777925491333, -0.08315692842006683, -0.03302345052361488, -0.08226114511489868, 0.9960635304450989]",-37.43155676626421,100,3.72
8.0672529296875,0.49810989379882814,1.5424107666015625,14:33:31,"[-0.9993586540222168, 0.02797364443540573, -0.022353973239660263, -0.025980472564697266, -0.9960455298423767, -0.08496088534593582, -0.02464224025607109, -0.0843256264925003, 0.9961335062980652]",-43.06059295301018,100,3.72
8.06602392578125,0.49083450317382815,1.5417144775390625,14:33:32,"[-0.9993361234664917, 0.020847182720899582, -0.02987758256494999, -0.018030889332294464, -0.9956313967704773, -0.0916135311126709, -0.03165694326162338, -0.09101399034261703, 0.9953463077545166]",-38.90455763842582,100,3.72
8.0670185546875,0.4944777526855469,1.5414483642578125,14:33:33,"[-0.9992356300354004, 0.030841011554002762, -0.024021366611123085, -0.028687216341495514, -0.9959372282028198, -0.08535827696323395, -0.026556309312582016, -0.0846039280295372, 0.9960607290267944]",-38.90455763842582,100,3.72
8.07566552734375,0.49102297973632814,1.5417049560546876,14:33:34,"[-0.9994304776191711, 0.028698768466711044, -0.017750315368175507, -0.026995159685611725, -0.9956003427505493, -0.08972888439893723, -0.0202473271638155, -0.08919861167669296, 0.9958080649375916]",-38.13751278608579,100,3.72
8.0711640625,0.490315185546875,1.5415054931640626,14:33:35,"[-0.9990715980529785, 0.03584741801023483, -0.023894239217042923, -0.033445797860622406, -0.9949833750724792, -0.09428372234106064, -0.02715419977903366, -0.09339702874422073, 0.9952585697174072]",-38.36940541954461,100,3.72
8.072875,0.4907225341796875,1.5416058349609374,14:33:36,"[-0.9992839097976685, 0.02967865765094757, -0.023471172899007797, -0.027330009266734123, -0.9951270818710327, -0.09473738074302673, -0.026168478652834892, -0.09402807056903839, 0.9952255487442017]",-38.45750587884837,100,3.72
8.06853857421875,0.4910201721191406,1.54179541015625,14:33:37,"[-0.9989274144172668, 0.03806049004197121, -0.02637193724513054, -0.03544391319155693, -0.9949942231178284, -0.09343551844358444, -0.02979612722992897, -0.09240057319402695, 0.9952760338783264]",-38.06845060944571,100,3.72
8.065294921875,0.4913094177246094,1.541755615234375,14:33:38,"[-0.9988780617713928, 0.03649672120809555, -0.030176250264048576, -0.033541206270456314, -0.9950788021087646, -0.09323691576719284, -0.033430587500333786, -0.09212016314268112, 0.9951865673065186]",-38.664515022595126,100,3.72
8.06569482421875,0.4910003662109375,1.54211669921875,14:33:39,"[-0.9989320635795593, 0.03688478469848633, -0.027826223522424698, -0.03412116318941116, -0.9949887990951538, -0.09398424625396729, -0.031153369694948196, -0.09293441474437714, 0.9951847195625305]",-38.664515022595126,100,3.72
8.06638134765625,0.4935767822265625,1.5425216064453124,14:33:40,"[-0.9990535378456116, 0.03742874041199684, -0.022160248830914497, -0.03530225530266762, -0.99535071849823, -0.08961445838212967, -0.025411374866962433, -0.08874733746051788, 0.9957299828529358]",-38.718394195769065,100,3.72
8.06509228515625,0.4954800109863281,1.5429840087890625,14:33:41,"[-0.998834490776062, 0.03625893592834473, -0.03185821697115898, -0.03325696662068367, -0.9953703880310059, -0.09017658233642578, -0.03498043119907379, -0.08901197463274002, 0.9954161047935486]",-36.21667219733513,100,3.72
8.0652587890625,0.4949151611328125,1.542262451171875,14:33:42,"[-0.9989563822746277, 0.037178654223680496, -0.026531105861067772, -0.03470694273710251, -0.9954964518547058, -0.08821714669466019, -0.029691416770219803, -0.08720426261425018, 0.9957478642463684]",-35.57335465869699,100,3.72
8.064267578125,0.49537896728515624,1.5423709716796874,14:33:43,"[-0.9990197420120239, 0.03419909253716469, -0.028107143938541412, -0.031639449298381805, -0.995710015296936, -0.08695103228092194, -0.030960211530327797, -0.0859765037894249, 0.9958159923553467]",-37.426709900432186,100,3.72
8.05688330078125,0.50458544921875,1.5424072265625,14:33:44,"[-0.9991874694824219, -0.01853007636964321, -0.03579176962375641, 0.01910792663693428, -0.9996914267539978, -0.015870723873376846, -0.03548663854598999, -0.01654173620045185, 0.9992332458496094]",-43.94874443858857,100,3.72
8.058015625,0.5060061340332032,1.5429044189453125,14:33:45,"[-0.9991469383239746, 0.022052623331546783, -0.034915678203105927, -0.02217409759759903, -0.9997493028640747, 0.0030956529080867767, -0.034838657826185226, 0.0038672357331961393, 0.9993854761123657]",-43.94874443858857,100,3.72
8.492361328125,0.62567138671875,1.3640865478515625,14:34:03,"[0.25603339076042175, -0.8837096691131592, 0.3917960524559021, -0.7060449123382568, -0.44779178500175476, -0.548619270324707, 0.660263180732727, -0.13616076111793518, -0.7385883927345276]",-34.609866256063995,100,3.72
8.4239580078125,0.5072139892578125,1.5390220947265625,14:34:05,"[0.2941659390926361, -0.7097602486610413, -0.6400834321975708, 0.0336911641061306, 0.6769998669624329, -0.7352116107940674, 0.95516037940979, 0.19470904767513275, 0.2230629324913025]",-35.77854596395204,100,3.72
8.42487109375,0.5082681274414063,1.5389183349609374,14:34:06,"[0.2980150878429413, -0.70713210105896, -0.6412107348442078, 0.02887154556810856, 0.678103506565094, -0.7343990802764893, 0.9541244506835938, 0.20034927129745483, 0.22250108420848846]",-35.894431199558156,100,3.72
8.4229970703125,0.5074797058105469,1.5387724609375,14:34:07,"[0.28521689772605896, -0.7148210406303406, -0.6384999752044678, 0.036184582859277725, 0.6737263798713684, -0.7380944490432739, 0.9577797055244446, 0.18741315603256226, 0.2180236428976059]",-36.24539935399824,100,3.72
