x,y,z,utc,rm,dbm,tx_gain,cable_loss
0.06143250274658203,0.4926788330078125,1.6359593505859376,10:35:45,"[0.9125640988349915, 0.3982139825820923, 0.0930180624127388, -0.4042568504810333, 0.9127823710441589, 0.058349695056676865, -0.06166958808898926, -0.09085103124380112, 0.9939531683921814]",-38.68820597896416,100,3.72
0.061662891387939456,0.49272296142578126,1.6359234619140626,10:35:46,"[0.912331223487854, 0.3984558880329132, 0.09425816684961319, -0.4045986235141754, 0.9126450419425964, 0.058129288256168365, -0.06286228448152542, -0.09116988629102707, 0.9938492774963379]",-38.68820597896416,100,3.72
0.061549953460693356,0.4926893310546875,1.6359454345703126,10:35:47,"[0.9118295907974243, 0.39933717250823975, 0.095376156270504, -0.4055580794811249, 0.9122437834739685, 0.05773992836475372, -0.0639486089348793, -0.09132954478263855, 0.9937652945518494]",-37.97393341882099,100,3.72
0.06174250030517578,0.4927132873535156,1.63601416015625,10:35:48,"[0.9123620390892029, 0.3985677659511566, 0.09348414093255997, -0.4046550989151001, 0.9126041531562805, 0.05837695300579071, -0.062046848237514496, -0.09108974784612656, 0.9939078688621521]",-37.97393341882099,100,3.72
0.06147745895385742,0.4926752624511719,1.6359508056640626,10:35:49,"[0.9123679399490356, 0.39847874641418457, 0.09380508214235306, -0.4045620858669281, 0.9126792550086975, 0.05784563347697258, -0.0625636950135231, -0.09072648733854294, 0.993908703327179]",-38.466496599985184,100,3.72
0.06162596130371094,0.49268170166015623,1.6359984130859375,10:35:50,"[0.912624180316925, 0.39772486686706543, 0.09450972080230713, -0.40389615297317505, 0.912950336933136, 0.0582200363278389, -0.06312712281942368, -0.09130512177944183, 0.993820071220398]",-31.85328827463752,100,3.72
0.061685489654541015,0.4927218322753906,1.6359798583984375,10:35:51,"[0.9127273559570312, 0.39784568548202515, 0.09299267083406448, -0.4038752019405365, 0.9129625558853149, 0.0581735298037529, -0.0617547370493412, -0.09065400063991547, 0.9939659237861633]",-26.75697536153094,100,3.72
0.06160903930664063,0.49270449829101565,1.636005615234375,10:35:52,"[0.9124069809913635, 0.3984799385070801, 0.09341953694820404, -0.4045456349849701, 0.9126687049865723, 0.05812583863735199, -0.06209910660982132, -0.09082688391208649, 0.9939286708831787]",-26.923245514646005,100,3.72
0.06164871978759766,0.49271826171875,1.636003173828125,10:35:53,"[0.9129955172538757, 0.39699849486351013, 0.0939754843711853, -0.4031309187412262, 0.9132779836654663, 0.05838502198457718, -0.06264697760343552, -0.09118968993425369, 0.9938610792160034]",-27.060392549222367,100,3.72
0.06165785980224609,0.4926925048828125,1.6359932861328126,10:35:54,"[0.9120967388153076, 0.39922890067100525, 0.0932515561580658, -0.40528085827827454, 0.9123410582542419, 0.05814841762185097, -0.06186269223690033, -0.09083005040884018, 0.9939430952072144]",-26.941985052187007,100,3.72
0.06156076431274414,0.4926880187988281,1.6359686279296874,10:35:55,"[0.9121177792549133, 0.39825698733329773, 0.09712124615907669, -0.4046497046947479, 0.9126362204551697, 0.05791160464286804, -0.06557267159223557, -0.09212228655815125, 0.9935863018035889]",-27.09610540880268,100,3.72
0.06179998397827149,0.49269012451171873,1.636003662109375,10:35:56,"[0.912120521068573, 0.3990507423877716, 0.09377966076135635, -0.4051518738269806, 0.9123974442481995, 0.05816277861595154, -0.062354423105716705, -0.09104647487401962, 0.9938926100730896]",-27.09610540880268,100,3.72
0.06165050506591797,0.4927003173828125,1.63598583984375,10:35:57,"[0.9123093485832214, 0.3983781039714813, 0.09479706734418869, -0.40457358956336975, 0.912652850151062, 0.05818071588873863, -0.06333889067173004, -0.09143120050430298, 0.9937950372695923]",-26.870924116928315,100,3.72
0.06151589965820312,0.49268701171875,1.63595751953125,10:35:58,"[0.9125009775161743, 0.39846575260162354, 0.09255831688642502, -0.40447142720222473, 0.9126824140548706, 0.05842696502804756, -0.06119519844651222, -0.09075185656547546, 0.9939915537834167]",-27.1555020465855,100,3.72
0.06142244720458984,0.4926365051269531,1.6359774169921875,10:35:59,"[0.912367045879364, 0.39854133129119873, 0.09354767203330994, -0.4046103060245514, 0.9126486778259277, 0.057990867644548416, -0.062264397740364075, -0.09075930714607239, 0.9939244985580444]",-26.9650305409445,100,3.72
0.06158318328857422,0.4926266174316406,1.636023681640625,10:36:00,"[0.9121246933937073, 0.3994929790496826, 0.09183625131845474, -0.4054172933101654, 0.9122791290283203, 0.05816886946558952, -0.060542237013578415, -0.09028926491737366, 0.9940736889839172]",-27.030688565264754,100,3.72
0.06164835357666015,0.49269219970703126,1.6359593505859376,10:36:01,"[0.9121256470680237, 0.39901474118232727, 0.09388327598571777, -0.40511223673820496, 0.9124283194541931, 0.05795378237962723, -0.06253734976053238, -0.09089439362287521, 0.9938949942588806]",-26.488122892474287,100,3.72
0.061573062896728516,0.49265374755859376,1.635919677734375,10:36:02,"[0.912319540977478, 0.39824244379997253, 0.09526791423559189, -0.4045020043849945, 0.9126638770103455, 0.058504607528448105, -0.06364856660366058, -0.0919109657406807, 0.9937309622764587]",-26.662982775006494,100,3.72
0.061410327911376954,0.49264166259765624,1.63594677734375,10:36:03,"[0.912662923336029, 0.3976704478263855, 0.09436427801847458, -0.40382587909698486, 0.9129839539527893, 0.05818052217364311, -0.0630163922905922, -0.09120594710111618, 0.9938362240791321]",-26.935438055704907,100,3.72
0.062024253845214844,0.4931099548339844,1.6359197998046875,10:36:04,"[0.9122471213340759, 0.39878973364830017, 0.09365863353013992, -0.4048581123352051, 0.9125496745109558, 0.057818472385406494, -0.06241074204444885, -0.09066319465637207, 0.993924081325531]",-26.935438055704907,100,3.72
0.06200214767456055,0.4930181274414063,1.6359351806640625,10:36:05,"[0.912427544593811, 0.39810293912887573, 0.09481549263000488, -0.40427055954933167, 0.9128164052963257, 0.05771960690617561, -0.0635707899928093, -0.09099607169628143, 0.9938201308250427]",-27.396032615350585,100,3.72
0.061881553649902346,0.493,1.63594091796875,10:36:06,"[0.9126360416412354, 0.39746955037117004, 0.0954643040895462, -0.4037092924118042, 0.9130520820617676, 0.05791940912604332, -0.06414268165826797, -0.0913991704583168, 0.9937463998794556]",-26.62706979546837,100,3.72
0.06140809631347656,0.4927548828125,1.635914306640625,10:36:07,"[0.9122918248176575, 0.3987087905406952, 0.09356754273176193, -0.4048011004924774, 0.9125421643257141, 0.058333929628133774, -0.06212608143687248, -0.09109381586313248, 0.9939025640487671]",-26.56258730907163,100,3.72
0.08280397796630859,0.5061400451660156,1.6389351806640624,10:36:08,"[0.923425555229187, 0.3748249113559723, 0.08241070806980133, -0.379239946603775, 0.9241441488265991, 0.046202827244997025, -0.05884139984846115, -0.07391829788684845, 0.995526909828186]",-26.816266760087917,100,3.72
0.28022872924804687,0.499722412109375,1.6353558349609374,10:36:09,"[0.9444292187690735, 0.30945634841918945, 0.11086121201515198, -0.3137214183807373, 0.949238657951355, 0.02290920540690422, -0.09814435243606567, -0.056415658444166183, 0.9935718178749084]",-26.867969720358754,100,3.72
0.3382706298828125,0.519056884765625,1.635191162109375,10:36:10,"[0.9751961827278137, 0.2197660356760025, 0.026368141174316406, -0.22049354016780853, 0.9749612808227539, 0.028863849118351936, -0.019364623352885246, -0.03396192193031311, 0.9992355108261108]",-26.040537223626053,100,3.72
0.34726654052734374,0.5184163818359375,1.6337073974609375,10:36:11,"[0.968176007270813, 0.2368970811367035, 0.08071514964103699, -0.24045588076114655, 0.9699344038963318, 0.03752700239419937, -0.06939836591482162, -0.05574117600917816, 0.9960305094718933]",-26.296509925126195,100,3.72
0.32926153564453126,0.5166439819335937,1.6334737548828124,10:36:12,"[0.9662602543830872, 0.23916615545749664, 0.09560659527778625, -0.24319545924663544, 0.9694221615791321, 0.03281298279762268, -0.08483538776636124, -0.05495697259902954, 0.9948782324790955]",-26.296509925126195,100,3.72
0.3371005554199219,0.518555419921875,1.63359228515625,10:36:13,"[0.9695231318473816, 0.23138366639614105, 0.0805387794971466, -0.2346615344285965, 0.9714889526367188, 0.033811215311288834, -0.07041916996240616, -0.05168010666966438, 0.9961778521537781]",-25.97400788089779,100,3.72
0.358213623046875,0.5263585815429688,1.63324853515625,10:36:14,"[0.9742754101753235, 0.215684175491333, 0.06532764434814453, -0.21818971633911133, 0.9753163456916809, 0.03392995521426201, -0.0563969649374485, -0.04731094464659691, 0.997286856174469]",-26.479305577256497,100,3.72
0.36827664184570313,0.5263387451171875,1.6327879638671876,10:36:15,"[0.9741894602775574, 0.21229715645313263, 0.07671234011650085, -0.21550163626670837, 0.9758343696594238, 0.03614235296845436, -0.06718562543392181, -0.051741134375333786, 0.9963979721069336]",-25.244886626497394,100,3.72
0.36567971801757815,0.52642041015625,1.6329580078125,10:36:16,"[0.9756873250007629, 0.2078523486852646, 0.06951019912958145, -0.2107289582490921, 0.9768475294113159, 0.03690856695175171, -0.060229331254959106, -0.05065903440117836, 0.9968982338905334]",-25.707522650894777,100,3.72
0.366560302734375,0.5285967407226563,1.63290625,10:36:17,"[0.9752066731452942, 0.21215741336345673, 0.06293787807226181, -0.21458515524864197, 0.9760909080505371, 0.03463660553097725, -0.05408467724919319, -0.04728338494896889, 0.9974161982536316]",-25.3351786214939,100,3.72
0.3662857971191406,0.5282171020507812,1.6328648681640625,10:36:18,"[0.9754935503005981, 0.2101903110742569, 0.06505641341209412, -0.21271945536136627, 0.9764977097511292, 0.03467930853366852, -0.05623818188905716, -0.0476682074368, 0.9972788095474243]",-25.47610392742941,100,3.72
0.364972900390625,0.5277879638671875,1.63283349609375,10:36:19,"[0.9752306938171387, 0.21000218391418457, 0.06945596635341644, -0.21271724998950958, 0.9765135645866394, 0.03424367308616638, -0.060633447021245956, -0.04816996306180954, 0.9969971179962158]",-25.375255604731684,100,3.72
0.36679339599609373,0.5277208251953125,1.63273583984375,10:36:20,"[0.974862277507782, 0.2094634622335434, 0.07595130056142807, -0.212537482380867, 0.9765311479568481, 0.034853797405958176, -0.06686820834875107, -0.05012014880776405, 0.996502161026001]",-25.704015883599254,100,3.72
0.36844781494140627,0.5272439575195312,1.6327913818359374,10:36:21,"[0.9749926924705505, 0.2077631950378418, 0.07889015972614288, -0.21106277406215668, 0.976809561252594, 0.035994283854961395, -0.06958237290382385, -0.051744941622018814, 0.9962332844734192]",-25.704015883599254,100,3.72
0.3680374450683594,0.527354736328125,1.63281005859375,10:36:22,"[0.9755220413208008, 0.20638497173786163, 0.07590771466493607, -0.20955181121826172, 0.9771216511726379, 0.03634921833872795, -0.06666913628578186, -0.051366064697504044, 0.9964520931243896]",-25.542404865807207,100,3.72
0.3675281066894531,0.5272948608398438,1.6328154296875,10:36:23,"[0.9759852886199951, 0.20561335980892181, 0.07194387912750244, -0.20855511724948883, 0.9773472547531128, 0.03601513057947159, -0.06290896236896515, -0.05015449970960617, 0.996758222579956]",-25.462860942805055,100,3.72
0.3486758728027344,0.5261671142578125,1.633718994140625,10:36:24,"[0.9705780744552612, 0.22072303295135498, 0.09622671455144882, -0.22436106204986572, 0.9740848541259766, 0.028650637716054916, -0.0874091312289238, -0.04939720779657364, 0.9949470162391663]",-25.47177134747484,100,3.72
0.3456837463378906,0.5270081787109375,1.6333665771484376,10:36:25,"[0.9749607443809509, 0.21012502908706665, 0.07279474288225174, -0.21288038790225983, 0.9765430688858032, 0.03233591839671135, -0.06429261714220047, -0.04702282324433327, 0.9968225955963135]",-25.59673467781615,100,3.72
0.34724365234375,0.527896484375,1.63339501953125,10:36:26,"[0.9741882085800171, 0.20976968109607697, 0.08339087665081024, -0.213093101978302, 0.9764717221260071, 0.03308063745498657, -0.0744895190000534, -0.04999678581953049, 0.9959676861763]",-25.72650045178539,100,3.72
0.34935467529296876,0.5274336547851562,1.6333909912109374,10:36:27,"[0.9758484363555908, 0.2083941400051117, 0.06551125645637512, -0.2109467089176178, 0.9768800139427185, 0.03474116697907448, -0.05675678327679634, -0.0477214977145195, 0.9972468614578247]",-25.919997258321985,100,3.72
0.34584616088867187,0.5262877807617188,1.6335721435546875,10:36:28,"[0.9735840559005737, 0.21459074318408966, 0.07800546288490295, -0.2176753133535385, 0.975450873374939, 0.0333629809319973, -0.06893111020326614, -0.04946153238415718, 0.9963945150375366]",-26.123943499202728,100,3.72
0.3498359680175781,0.5258627319335938,1.6331043701171875,10:36:29,"[0.9738653898239136, 0.2132769376039505, 0.07809693366289139, -0.2164618968963623, 0.9756711721420288, 0.03478478267788887, -0.0687781348824501, -0.050780706107616425, 0.9963387250900269]",-26.123943499202728,100,3.72
0.3714442749023438,0.517708740234375,1.6342967529296875,10:36:30,"[0.9837161898612976, 0.16865159571170807, 0.06212117150425911, -0.17154867947101593, 0.9841626286506653, 0.044664621353149414, -0.053604576736688614, -0.054594118148088455, 0.9970687031745911]",-25.785356041026823,100,3.72
0.5574613647460938,0.53888720703125,1.643003173828125,10:36:31,"[0.9625479578971863, 0.24761822819709778, 0.11039324849843979, -0.25031352043151855, 0.9681018590927124, 0.011043170467019081, -0.10413742065429688, -0.0382625050842762, 0.9938266277313232]",-25.437194880030308,100,3.72
0.6883826293945312,0.4815856018066406,1.625881591796875,10:36:32,"[0.9809472560882568, 0.1798555552959442, 0.07344677299261093, -0.18443363904953003, 0.980940043926239, 0.06116212531924248, -0.0610465370118618, -0.07354287803173065, 0.9954218864440918]",-23.39861474343924,100,3.72
0.6862188110351563,0.495873779296875,1.6250377197265624,10:36:33,"[0.947003185749054, 0.3087638318538666, 0.08859976381063461, -0.3127717971801758, 0.9491729736328125, 0.03527781739830971, -0.07320398092269897, -0.06111971288919449, 0.9954423904418945]",-26.583040415495635,100,3.72
0.7013296508789062,0.5012318725585938,1.624733154296875,10:36:34,"[0.9448162913322449, 0.3123887777328491, 0.09866823256015778, -0.3170385956764221, 0.9477588534355164, 0.035208769142627716, -0.08251486718654633, -0.06454745680093765, 0.9944972991943359]",-26.809598948678165,100,3.72
0.7012149658203125,0.5015834045410156,1.6248253173828124,10:36:35,"[0.9439891576766968, 0.31625688076019287, 0.09415997564792633, -0.320609986782074, 0.946564793586731, 0.03499089553952217, -0.07806240767240524, -0.06321965157985687, 0.9949419498443604]",-27.335181831073022,100,3.72
0.700505126953125,0.5014136047363281,1.62479541015625,10:36:36,"[0.9435907602310181, 0.31711745262145996, 0.09525207430124283, -0.32152891159057617, 0.9462594389915466, 0.03481651470065117, -0.07909224927425385, -0.06347883492708206, 0.9948441386222839]",-27.22299151995719,100,3.72
0.6964207763671875,0.5007613220214844,1.6246568603515625,10:36:37,"[0.9419113993644714, 0.3228178322315216, 0.09269095957279205, -0.3270016610622406, 0.9444198608398438, 0.03377874195575714, -0.07663480192422867, -0.062126677483320236, 0.9951217770576477]",-26.975038807000526,100,3.72
0.6944236450195312,0.49967782592773435,1.624630859375,10:36:38,"[0.9430965185165405, 0.32054105401039124, 0.0884442999958992, -0.3244909644126892, 0.9452686309814453, 0.034246377646923065, -0.07262624800205231, -0.06099701672792435, 0.9954922199249268]",-26.975038807000526,100,3.72
0.6958836059570312,0.49976104736328125,1.6245723876953124,10:36:39,"[0.9428191184997559, 0.32098957896232605, 0.08976530283689499, -0.32508307695388794, 0.945034921169281, 0.0350714810192585, -0.0735737681388855, -0.06224724277853966, 0.9953452348709106]",-27.658543482859358,100,3.72
0.6960387573242187,0.5001556396484375,1.6245860595703125,10:36:40,"[0.9413554072380066, 0.32595735788345337, 0.08718854933977127, -0.3298950493335724, 0.9433690905570984, 0.03498600795865059, -0.0708470419049263, -0.0616973377764225, 0.9955772757530212]",-27.629794085358952,100,3.72
0.6988453369140625,0.5006617431640625,1.62466845703125,10:36:41,"[0.9411365389823914, 0.32282689213752747, 0.10022395849227905, -0.32755452394485474, 0.9442014098167419, 0.03452199324965477, -0.08348697423934937, -0.06531871855258942, 0.9943658113479614]",-27.585904020625197,100,3.72
0.702124755859375,0.5010680541992187,1.624736572265625,10:36:42,"[0.9381216764450073, 0.3321778476238251, 0.09790582954883575, -0.3367324471473694, 0.9409894943237305, 0.03391158953309059, -0.08086368441581726, -0.06478126347064972, 0.994617760181427]",-27.574865037563974,100,3.72
0.8228026733398438,0.5601099243164063,1.6780732421875,10:36:43,"[0.9481878280639648, 0.3055340051651001, 0.08711396157741547, -0.30657464265823364, 0.9518454074859619, -0.0015014096861705184, -0.08337776362895966, -0.025283316150307655, 0.9961972236633301]",-27.475043077818594,100,3.72
1.054205322265625,0.49378057861328123,1.619062744140625,10:36:44,"[0.9114826321601868, 0.3962433934211731, 0.11041080951690674, -0.4029648005962372, 0.9140437841415405, 0.0462963841855526, -0.08257567882537842, -0.0866900235414505, 0.9928072094917297]",-23.300350085472402,100,3.72
1.0511990966796876,0.48965948486328126,1.61877734375,10:36:45,"[0.9024195671081543, 0.4213990271091461, 0.08978738635778427, -0.4264390766620636, 0.903325080871582, 0.04640612378716469, -0.06155170127749443, -0.08016664534807205, 0.9948792457580566]",-27.863094916054646,100,3.72
1.0504273681640626,0.48970367431640627,1.6191597900390624,10:36:46,"[0.8993237018585205, 0.42633095383644104, 0.0972561314702034, -0.43193674087524414, 0.900751531124115, 0.04557732492685318, -0.06817258894443512, -0.08299726992845535, 0.9942152500152588]",-27.863094916054646,100,3.72
1.049710205078125,0.49130596923828124,1.61919287109375,10:36:47,"[0.897321343421936, 0.42986559867858887, 0.10014953464269638, -0.4356484115123749, 0.899013876914978, 0.04454806447029114, -0.07088614255189896, -0.08360391855239868, 0.9939746260643005]",-27.361076687031087,100,3.72
1.04420068359375,0.4875919189453125,1.6191031494140624,10:36:48,"[0.8973109126091003, 0.4296249747276306, 0.10126940160989761, -0.4355737566947937, 0.8990001678466797, 0.045543573796749115, -0.07147455215454102, -0.08497703820466995, 0.9938160181045532]",-27.435909100677822,100,3.72
1.050609619140625,0.49630758666992186,1.6191900634765626,10:36:49,"[0.8941091895103455, 0.43250149488449097, 0.11623761057853699, -0.43938755989074707, 0.8973687887191772, 0.04083981364965439, -0.0866447165608406, -0.0875886082649231, 0.9923814535140991]",-27.34486724980509,100,3.72
1.050892333984375,0.5003303527832031,1.6194537353515626,10:36:50,"[0.8952096104621887, 0.4355519711971283, 0.0943090170621872, -0.44057825207710266, 0.896807849407196, 0.0403299443423748, -0.0670112743973732, -0.07765425741672516, 0.99472576379776]",-27.34843423598981,100,3.72
1.047865478515625,0.5012085266113281,1.6189810791015624,10:36:51,"[0.8916017413139343, 0.4429464340209961, 0.0940464586019516, -0.4478045105934143, 0.893326461315155, 0.03793378174304962, -0.06721155345439911, -0.07593625783920288, 0.9948448538780212]",-27.549632284303037,100,3.72
1.04953857421875,0.49876535034179686,1.6196729736328126,10:36:52,"[0.8847620487213135, 0.4553702473640442, 0.09916684776544571, -0.4608007073402405, 0.8866016268730164, 0.04000309482216835, -0.06970527023077011, -0.08108936995267868, 0.9942663908004761]",-27.256902193608713,100,3.72
1.0389342041015626,0.49576416015625,1.61971826171875,10:36:53,"[0.8801355957984924, 0.4624943137168884, 0.107052743434906, -0.4684220552444458, 0.8827024102210999, 0.03764565289020538, -0.07708481699228287, -0.08327914774417877, 0.9935404062271118]",-27.00368133685967,100,3.72
1.0420347900390625,0.49812692260742186,1.6196968994140626,10:36:54,"[0.8792967796325684, 0.4638318121433258, 0.10815396159887314, -0.46975305676460266, 0.8820499181747437, 0.03633277490735054, -0.07854489237070084, -0.08275294303894043, 0.9934700131416321]",-27.00368133685967,100,3.72
1.0404185791015625,0.496251953125,1.6196817626953126,10:36:55,"[0.8782691359519958, 0.46586617827415466, 0.10775933414697647, -0.4718626141548157, 0.8808684945106506, 0.037635114043951035, -0.07738886773586273, -0.08390136063098907, 0.9934644103050232]",-27.41596529691985,100,3.72
1.0396968994140625,0.49530975341796873,1.61962939453125,10:36:56,"[0.8783589005470276, 0.4656476676464081, 0.10797153413295746, -0.4716487526893616, 0.8809899091720581, 0.0374726839363575, -0.07767276465892792, -0.08383911103010178, 0.993447482585907]",-27.946662781972016,100,3.72
1.18255859375,0.5358243408203125,1.6695498046875,10:36:57,"[0.8636090159416199, 0.5016043782234192, 0.05071983113884926, -0.5034661293029785, 0.8633258938789368, 0.0344998799264431, -0.02648245170712471, -0.055330123752355576, 0.9981168508529663]",-28.042154138985367,100,3.72
1.362041259765625,0.47455279541015627,1.61341552734375,10:36:58,"[0.7684616446495056, 0.6267642974853516, 0.12897001206874847, -0.6345972418785095, 0.7723424434661865, 0.027812611311674118, -0.0821770578622818, -0.10321693867444992, 0.9912583827972412]",-27.99198488069802,100,3.72
1.407619140625,0.47640228271484375,1.6126021728515625,10:36:59,"[0.7563112378120422, 0.6484411954879761, 0.08670233190059662, -0.6533316373825073, 0.7555041313171387, 0.048695843666791916, -0.03392757847905159, -0.09347458928823471, 0.9950433969497681]",-34.129756805169734,100,3.72
1.410495361328125,0.4775146179199219,1.6125406494140626,10:37:00,"[0.7563661932945251, 0.6479946374893188, 0.0895160436630249, -0.6531481742858887, 0.7556698322296143, 0.04858607053756714, -0.03616105765104294, -0.09521610289812088, 0.9947996139526367]",-33.49088380403025,100,3.72
1.4111416015625,0.4783357238769531,1.612569091796875,10:37:01,"[0.757469892501831, 0.6464260816574097, 0.0915025919675827, -0.6517086029052734, 0.7570157051086426, 0.046937327831983566, -0.038927387446165085, -0.09518663585186005, 0.9946980476379395]",-33.49088380403025,100,3.72
1.4039375,0.4880080261230469,1.612889892578125,10:37:02,"[0.7557607889175415, 0.6475124955177307, 0.09774014353752136, -0.6530449986457825, 0.7563053965568542, 0.03917144984006882, -0.04855738952755928, -0.0934329554438591, 0.9944407939910889]",-33.3218850843948,100,3.72
1.45725927734375,0.5521217651367187,1.6795360107421875,10:37:03,"[0.7363948225975037, 0.6684065461158752, 0.10466797649860382, -0.6710787415504456, 0.7412821650505066, -0.012410258874297142, -0.08588360249996185, -0.061101604253053665, 0.9944297671318054]",-32.61459753397562,100,3.72
1.712893798828125,0.48468536376953125,1.6106337890625,10:37:04,"[0.6019663214683533, 0.7893833518028259, 0.12045937776565552, -0.7956591844558716, 0.605705738067627, 0.006857373286038637, -0.06754983216524124, -0.09997251629829407, 0.9926945567131042]",-30.621427332623327,100,3.72
1.72170947265625,0.4940529479980469,1.6065162353515625,10:37:05,"[0.709688127040863, 0.6979456543922424, 0.09599246829748154, -0.7030081748962402, 0.7104743719100952, 0.031711429357528687, -0.04606733098626137, -0.08998871594667435, 0.9948768019676208]",-39.44735725540429,100,3.72
1.7165330810546875,0.5017714538574218,1.6064735107421875,10:37:06,"[0.7222455739974976, 0.684334397315979, 0.10023871064186096, -0.6894802451133728, 0.7238277196884155, 0.026275694370269775, -0.05457419902086258, -0.08809011429548264, 0.9946163892745972]",-39.970609506134764,100,3.72
1.7355716552734375,0.4934525146484375,1.606030517578125,10:37:07,"[0.7203089594841003, 0.6873252391815186, 0.09348303824663162, -0.692503809928894, 0.7203105092048645, 0.03989094868302345, -0.03991875424981117, -0.09347116202116013, 0.9948214292526245]",-39.970609506134764,100,3.72
1.7128372802734375,0.5015186157226562,1.60641357421875,10:37:08,"[0.7235840559005737, 0.6823213696479797, 0.10422889143228531, -0.6877089142799377, 0.7255781292915344, 0.02434782311320305, -0.059013161808252335, -0.08929683268070221, 0.9942552447319031]",-40.51124178721798,100,3.72
1.7501600341796875,0.4854034118652344,1.6054190673828126,10:37:09,"[0.7309521436691284, 0.6760937571525574, 0.09276973456144333, -0.6815205216407776, 0.7302141189575195, 0.04813700169324875, -0.035196639597415924, -0.09841031581163406, 0.994523286819458]",-40.001805939977544,100,3.72
1.749134521484375,0.48452517700195313,1.605363037109375,10:37:10,"[0.7310886383056641, 0.6756052374839783, 0.0952209085226059, -0.6812554001808167, 0.7304989099502563, 0.0475652702152729, -0.037423424422740936, -0.09964418411254883, 0.9943191409111023]",-38.64323494631634,100,3.72
1.7442730712890624,0.5011048583984375,1.60626708984375,10:37:11,"[0.729759156703949, 0.677760660648346, 0.08995582163333893, -0.6825625896453857, 0.7298076152801514, 0.03859018161892891, -0.03949553519487381, -0.08956201374530792, 0.9951978325843811]",-38.415861223107015,100,3.72
1.741647705078125,0.5112869873046875,1.60672802734375,10:37:12,"[0.7322388291358948, 0.6751919388771057, 0.08911854773759842, -0.6797011494636536, 0.7327324151992798, 0.03330991044640541, -0.042809464037418365, -0.08496478945016861, 0.9954639077186584]",-40.53677480890707,100,3.72
1.7422427978515624,0.50723095703125,1.6064925537109376,10:37:13,"[0.7326461672782898, 0.67487633228302, 0.088156558573246, -0.679405927658081, 0.7328897714614868, 0.035779498517513275, -0.040462300181388855, -0.08610779792070389, 0.9954638481140137]",-40.35096073368889,100,3.72
1.86829833984375,0.5046174926757813,1.6260478515625,10:37:14,"[0.7468510270118713, 0.6444838047027588, 0.1638725847005844, -0.6517426371574402, 0.7583434581756592, -0.012115530669689178, -0.13207995891571045, -0.09775425493717194, 0.9864071011543274]",-40.35096073368889,100,3.72
2.099645263671875,0.5228507080078125,1.6020430908203125,10:37:15,"[0.6418414115905762, 0.7609890103340149, 0.09452676773071289, -0.7652829885482788, 0.6434999704360962, 0.01580396480858326, -0.048801325261592865, -0.08248336613178253, 0.9953968524932861]",-39.507170239170044,100,3.72
2.0945029296875,0.5202535400390625,1.6001859130859375,10:37:16,"[0.6365774869918823, 0.7651556134223938, 0.09646769613027573, -0.7696870565414429, 0.6381924748420715, 0.017092330381274223, -0.04848666861653328, -0.08513053506612778, 0.995189368724823]",-35.72440428238862,100,3.72
2.10582177734375,0.5178303833007812,1.599821044921875,10:37:17,"[0.6617773771286011, 0.7443668246269226, 0.08926796913146973, -0.7487025260925293, 0.6623362302780151, 0.027481691911816597, -0.03866894915699959, -0.08502191305160522, 0.9956284165382385]",-37.7567555618032,100,3.72
2.094901611328125,0.5319026489257812,1.60397021484375,10:37:18,"[0.8818475008010864, 0.4516592025756836, 0.13545848429203033, -0.4590783417224884, 0.8879566788673401, 0.02792949415743351, -0.10766664892435074, -0.08681561052799225, 0.9903892874717712]",-36.8257645950191,100,3.72
2.106356689453125,0.5458084716796875,1.5996578369140626,10:37:19,"[0.8873091340065002, 0.45210379362106323, 0.09102040529251099, -0.45598194003105164, 0.8895959854125977, 0.02644682489335537, -0.06901468336582184, -0.06497016549110413, 0.9954977631568909]",-37.56358131797768,100,3.72
2.105542724609375,0.546497802734375,1.5996712646484375,10:37:20,"[0.8834419846534729, 0.4569155275821686, 0.10372302681207657, -0.46155813336372375, 0.8867596387863159, 0.024927664548158646, -0.08058755844831467, -0.06989635527133942, 0.9942938089370728]",-37.56358131797768,100,3.72
2.10712744140625,0.5460568237304687,1.5996356201171875,10:37:21,"[0.8814581632614136, 0.46264323592185974, 0.09482986479997635, -0.46676796674728394, 0.883999228477478, 0.025943206623196602, -0.07182707637548447, -0.0671313926577568, 0.995155394077301]",-35.87993408200239,100,3.72
2.106730224609375,0.5461614379882812,1.5996307373046874,10:37:22,"[0.880687415599823, 0.46406179666519165, 0.09505967050790787, -0.46819359064102173, 0.8832501173019409, 0.02576884813606739, -0.07200312614440918, -0.06720063090324402, 0.9951379895210266]",-35.634824114714725,100,3.72
2.10593896484375,0.5453700561523438,1.5996114501953125,10:37:23,"[0.8791078329086304, 0.4669468104839325, 0.09555182605981827, -0.4711199700832367, 0.8816928863525391, 0.025761790573596954, -0.07221797853708267, -0.0676637664437294, 0.9950910210609436]",-35.85707033796944,100,3.72
2.10648486328125,0.5454677734375,1.5995989990234376,10:37:24,"[0.8782904744148254, 0.46845534443855286, 0.09568417072296143, -0.472642719745636, 0.8808771967887878, 0.025771627202630043, -0.07221315056085587, -0.06785940378904343, 0.9950780868530273]",-35.63568833374691,100,3.72
2.105619384765625,0.5452916870117187,1.5995965576171876,10:37:25,"[0.8777102828025818, 0.4696774184703827, 0.09501440823078156, -0.47380176186561584, 0.8802627921104431, 0.025481579825282097, -0.07166952639818192, -0.06738343834877014, 0.9951497316360474]",-35.79971814488403,100,3.72
2.105132568359375,0.5162952880859375,1.5987955322265626,10:37:26,"[0.8598309755325317, 0.4959951937198639, 0.12115897238254547, -0.5034726858139038, 0.863099217414856, 0.03968639299273491, -0.08488795161247253, -0.09512382000684738, 0.9918394684791565]",-36.13207469630759,100,3.72
2.10483740234375,0.5217315063476563,1.598906494140625,10:37:27,"[0.8554382920265198, 0.5036152005195618, 0.1208183616399765, -0.510800838470459, 0.8589317202568054, 0.03631480783224106, -0.08548603951931, -0.09277919679880142, 0.9920101761817932]",-36.13207469630759,100,3.72
2.095508056640625,0.5121085205078125,1.5985328369140626,10:37:28,"[0.8514308929443359, 0.5103162527084351, 0.12100720405578613, -0.5178108811378479, 0.8545860648155212, 0.03942764177918434, -0.08329050242900848, -0.09622876346111298, 0.9918683171272278]",-36.24325837891588,100,3.72
2.095236328125,0.5001752624511718,1.6047100830078125,10:37:29,"[0.8360921740531921, 0.5349403619766235, 0.12160880118608475, -0.5416067242622375, 0.8401688933372498, 0.027899883687496185, -0.08724715560674667, -0.0891910120844841, 0.9921858906745911]",-36.916599487412896,100,3.72
2.101373779296875,0.49064654541015623,1.5989327392578125,10:37:30,"[0.8294369578361511, 0.5501044988632202, 0.09705325961112976, -0.5550047755241394, 0.8312457799911499, 0.03162621706724167, -0.06327738612890244, -0.08009697496891022, 0.9947766065597534]",-37.02044496574484,100,3.72
2.10048193359375,0.4894898986816406,1.5988221435546874,10:37:31,"[0.828977108001709, 0.5502331256866455, 0.1002022996544838, -0.5553886294364929, 0.8309904932975769, 0.0315953865647316, -0.06588233262300491, -0.0818430706858635, 0.9944652915000916]",-36.854049584699965,100,3.72
2.20697021484375,0.5059161376953125,1.6366920166015626,10:37:32,"[0.7845932841300964, 0.5938032269477844, 0.17835664749145508, -0.6038527488708496, 0.7970916628837585, 0.0025971787981688976, -0.14062438905239105, -0.10973887890577316, 0.9839624762535095]",-37.07808672994141,100,3.72
2.421020263671875,0.5033020629882813,1.5934449462890625,10:37:33,"[0.7427709102630615, 0.6577224135398865, 0.12527014315128326, -0.664147675037384, 0.7474819421768188, 0.013362837955355644, -0.08484812825918198, -0.09312339872121811, 0.9920326471328735]",-37.07808672994141,100,3.72
2.453751708984375,0.4956334533691406,1.5931002197265625,10:37:34,"[0.7302894592285156, 0.6715925335884094, 0.12506328523159027, -0.6791623830795288, 0.7334908843040466, 0.027011357247829437, -0.07359214872121811, -0.1046643853187561, 0.9917809963226318]",-36.52491068707572,100,3.72
2.430728759765625,0.5209529418945312,1.594015869140625,10:37:35,"[0.7277539968490601, 0.6743505001068115, 0.1250019520521164, -0.6800364255905151, 0.7331679463386536, 0.0038961253594607115, -0.08902007341384888, -0.08784130215644836, 0.9921488165855408]",-35.5537591232645,100,3.72
2.45296923828125,0.521150146484375,1.593932373046875,10:37:36,"[0.7282460331916809, 0.6757088303565979, 0.11434728652238846, -0.6811724901199341, 0.7320159077644348, 0.012519408017396927, -0.07524455338716507, -0.08700744062662125, 0.9933619499206543]",-34.67149551474709,100,3.72
2.4519775390625,0.5206524658203125,1.5938997802734376,10:37:37,"[0.7266414761543274, 0.67713463306427, 0.11610711365938187, -0.6828215718269348, 0.7304641604423523, 0.01329762488603592, -0.07580780237913132, -0.08894304931163788, 0.9931476712226868]",-34.31094453176486,100,3.72
2.455092529296875,0.5196757202148438,1.593920654296875,10:37:38,"[0.7242622971534729, 0.6797986030578613, 0.11540386825799942, -0.6855870485305786, 0.7278295159339905, 0.01531469076871872, -0.0735834389925003, -0.09021125733852386, 0.9932006001472473]",-34.40567858701436,100,3.72
2.452170654296875,0.5038025817871093,1.5932933349609375,10:37:39,"[0.7188510894775391, 0.6840987205505371, 0.12353982776403427, -0.6910625100135803, 0.7225111722946167, 0.020253252238035202, -0.07540368288755417, -0.09993281960487366, 0.9921329021453857]",-34.48347941928026,100,3.72
2.455094970703125,0.5055570678710938,1.593456787109375,10:37:40,"[0.7195227742195129, 0.6835850477218628, 0.12246812880039215, -0.6905881762504578, 0.7229054570198059, 0.022263700142502785, -0.07331374287605286, -0.10059428215026855, 0.9922227263450623]",-34.48347941928026,100,3.72
2.6421611328125,0.495054443359375,1.6231466064453124,10:37:41,"[0.6948380470275879, 0.6930192708969116, 0.19215722382068634, -0.7033501863479614, 0.710578441619873, -0.01941184513270855, -0.1499955654144287, -0.12166572362184525, 0.9811721444129944]",-34.69793637221995,100,3.72
2.7996240234375,0.5091889343261718,1.5892421875,10:37:42,"[0.7332279682159424, 0.671506404876709, 0.10703235119581223, -0.6779537200927734, 0.7340781688690186, 0.03883327916264534, -0.052493318915367126, -0.10103662312030792, 0.9934968948364258]",-36.36261209493434,100,3.72
2.778672607421875,0.5212909545898438,1.5888228759765626,10:37:43,"[0.7377325892448425, 0.6666058897972107, 0.10671082884073257, -0.6722533702850342, 0.7398766875267029, 0.025649184361100197, -0.06185495853424072, -0.09065895527601242, 0.9939591884613037]",-34.36522358001347,100,3.72
2.779224853515625,0.520503662109375,1.5887183837890626,10:37:44,"[0.7332260608673096, 0.671747088432312, 0.10552440583705902, -0.6772878766059875, 0.735278308391571, 0.025435419753193855, -0.06050363555550575, -0.09012031555175781, 0.9940913915634155]",-34.05788598254432,100,3.72
2.77363330078125,0.5300997314453125,1.5888800048828124,10:37:45,"[0.7385385036468506, 0.6660345792770386, 0.10468439012765884, -0.6710594892501831, 0.7411669492721558, 0.018727267161011696, -0.06511560082435608, -0.08408026397228241, 0.9943291544914246]",-33.66502156701341,100,3.72
2.77917724609375,0.5185087280273437,1.588277099609375,10:37:46,"[0.7189474105834961, 0.6851277351379395, 0.11710956692695618, -0.6917065382003784, 0.7217872738838196, 0.023773660883307457, -0.0682402029633522, -0.09809746593236923, 0.9928343892097473]",-33.66502156701341,100,3.72
2.773180419921875,0.5294725341796875,1.588610595703125,10:37:47,"[0.7385125160217285, 0.6661639213562012, 0.10404264181852341, -0.6712478399276733, 0.7409499883651733, 0.02047957107424736, -0.06344763934612274, -0.08496281504631042, 0.994361937046051]",-34.10896173468397,100,3.72
2.779781005859375,0.53306396484375,1.588948486328125,10:37:48,"[0.7390989661216736, 0.6661626696586609, 0.09980010241270065, -0.6709052920341492, 0.7412528395652771, 0.020745860412716866, -0.060156989842653275, -0.08228965848684311, 0.9947912096977234]",-34.05573097685711,100,3.72
2.785986083984375,0.5325140991210937,1.5892333984375,10:37:49,"[0.7368500828742981, 0.6687967777252197, 0.09880688786506653, -0.6736524105072021, 0.7386597990989685, 0.023961346596479416, -0.056959401816129684, -0.08421742171049118, 0.9948180913925171]",-33.78907050062081,100,3.72
2.8150263671875,0.5400687255859375,1.590788330078125,10:37:50,"[0.7377749681472778, 0.6701971292495728, 0.08077074587345123, -0.673978328704834, 0.7380446791648865, 0.03230012580752373, -0.03796496242284775, -0.07826795428991318, 0.9962092041969299]",-33.58189901945266,100,3.72
2.770632568359375,0.511575439453125,1.5876424560546876,10:37:51,"[0.6201625466346741, 0.770905613899231, 0.14526872336864471, -0.7805973887443542, 0.6248108148574829, 0.016707610338926315, -0.07788547873497009, -0.12375781685113907, 0.9892511367797852]",-33.09474184770841,100,3.72
2.812247802734375,0.5139354858398437,1.5867216796875,10:37:52,"[0.6321962475776672, 0.7650373578071594, 0.12266100198030472, -0.7730294466018677, 0.6335120797157288, 0.032984305173158646, -0.052473001182079315, -0.11567311733961105, 0.9919003844261169]",-36.099977556443854,100,3.72
2.81369677734375,0.5132395629882812,1.586805419921875,10:37:53,"[0.6319332718849182, 0.7649539113044739, 0.12452258914709091, -0.7732306122779846, 0.6332012414932251, 0.03421398997306824, -0.05267573148012161, -0.1179056465625763, 0.9916266798973083]",-36.099977556443854,100,3.72
2.813100830078125,0.5134237060546875,1.586780029296875,10:37:54,"[0.6316514611244202, 0.765413761138916, 0.12311890721321106, -0.7735278606414795, 0.6328349709510803, 0.03427111729979515, -0.05168236792087555, -0.1168833076953888, 0.9918000102043152]",-33.75266287486579,100,3.72
2.811884033203125,0.5127584228515625,1.58677294921875,10:37:55,"[0.6315197348594666, 0.765125572681427, 0.12556153535842896, -0.773488461971283, 0.6329243779182434, 0.033502090722322464, -0.05383765324950218, -0.11827763170003891, 0.9915199875831604]",-33.84537196979742,100,3.72
2.811896240234375,0.5123988037109375,1.58674462890625,10:37:56,"[0.6317689418792725, 0.7648643255233765, 0.12589886784553528, -0.7732749581336975, 0.6331773996353149, 0.03364837169647217, -0.05397988110780716, -0.11861244589090347, 0.9914722442626953]",-33.60115850574316,100,3.72
2.81900341796875,0.5122059936523438,1.58731298828125,10:37:57,"[0.6342178583145142, 0.7632421255111694, 0.12340651452541351, -0.7715117931365967, 0.6351555585861206, 0.03670099750161171, -0.050370585173368454, -0.11848601698875427, 0.9916772842407227]",-33.57286400277977,100,3.72
3.009031982421875,0.43468356323242185,1.5973299560546874,10:37:58,"[0.6268473267555237, 0.7578835487365723, 0.1807621568441391, -0.7739415764808655, 0.6324347853660583, 0.03225944563746452, -0.0898713767528534, -0.1601210981607437, 0.9829976558685303]",-32.37260379263991,100,3.72
3.132030517578125,0.53089453125,1.5827025146484375,10:37:59,"[0.6671968698501587, 0.7327800393104553, 0.1337226927280426, -0.7397247552871704, 0.6729010343551636, 0.0033917876426130533, -0.08749670535326004, -0.10118097811937332, 0.9910129904747009]",-32.37260379263991,100,3.72
3.1171337890625,0.4909183044433594,1.5809149169921874,10:38:00,"[0.5645638108253479, 0.8087119460105896, 0.16508400440216064, -0.8195702433586121, 0.572964608669281, -0.004020009655505419, -0.09783831983804703, -0.13302838802337646, 0.986271321773529]",-32.52224141395015,100,3.72
3.123601806640625,0.48546759033203124,1.5804200439453124,10:38:01,"[0.5414637923240662, 0.8267175555229187, 0.15282346308231354, -0.8377856016159058, 0.5457666516304016, 0.015938211232423782, -0.07022955268621445, -0.1366632729768753, 0.9881249666213989]",-33.8618984486945,100,3.72
3.149965576171875,0.4971211547851562,1.5814720458984375,10:38:02,"[0.5512642860412598, 0.8228611946105957, 0.13786645233631134, -0.8326067328453064, 0.5531797409057617, 0.027535587549209595, -0.05360696092247963, -0.12996792793273926, 0.9900680184364319]",-31.95946619302891,100,3.72
3.165939453125,0.5075127563476562,1.582691650390625,10:38:03,"[0.555308997631073, 0.821824312210083, 0.12742339074611664, -0.8304350972175598, 0.5562131404876709, 0.031694408506155014, -0.04482732713222504, -0.12341704219579697, 0.9913418889045715]",-31.307099176879035,100,3.72
3.164623291015625,0.5116419677734375,1.583022216796875,10:38:04,"[0.5611580610275269, 0.8180885314941406, 0.1258285492658615, -0.8264973163604736, 0.5620458126068115, 0.03172878548502922, -0.044764455407857895, -0.12180181592702866, 0.9915444850921631]",-30.858985952541282,100,3.72
3.16308544921875,0.5109567565917968,1.582753662109375,10:38:05,"[0.5614759922027588, 0.8179514408111572, 0.12530024349689484, -0.8261769413948059, 0.5626556873321533, 0.029157890006899834, -0.04665115848183632, -0.11989162862300873, 0.9916903376579285]",-30.858985952541282,100,3.72
