x,y,z,utc,rm,dbm,tx_gain,cable_loss
2.142765380859375,3.267970947265625,0.5411597290039063,14:23:41,"[0.3442800045013428, -0.375437468290329, 0.8605335354804993, 0.7432114481925964, -0.4510709345340729, -0.49413737654685974, 0.5736793875694275, 0.8096799850463867, 0.1237347200512886]",-29.740554679150613,100,3.72
2.14270751953125,3.268026123046875,0.5412197265625,14:23:42,"[0.343990296125412, -0.37606126070022583, 0.8603770136833191, 0.7432515025138855, -0.45089098811149597, -0.4942413866519928, 0.5738012790679932, 0.8094907402992249, 0.12440596520900726]",-29.740554679150613,100,3.72
2.1427763671875,3.2679814453125,0.541136474609375,14:23:43,"[0.3449282646179199, -0.37514838576316833, 0.8604000210762024, 0.7430069446563721, -0.45100000500679016, -0.4945095479488373, 0.5735548734664917, 0.8098534941673279, 0.12317518889904022]",-29.35851924789324,100,3.72
2.142854248046875,3.267840087890625,0.5413060913085938,14:23:44,"[0.3452964127063751, -0.3760637640953064, 0.8598525524139404, 0.7430372834205627, -0.4501313269138336, -0.49525487422943115, 0.5732939839363098, 0.8099122643470764, 0.12400064617395401]",-29.267476783863778,100,3.72
2.142652099609375,3.268057373046875,0.5411808471679688,14:23:45,"[0.3439873158931732, -0.3751620054244995, 0.8607707023620605, 0.7433258891105652, -0.4513045847415924, -0.49375173449516296, 0.5737066864967346, 0.8096774816513062, 0.12362457811832428]",-29.14728707383317,100,3.72
2.142670166015625,3.267994384765625,0.5411741943359375,14:23:46,"[0.34455040097236633, -0.3755342662334442, 0.8603830933570862, 0.7430607676506042, -0.45100879669189453, -0.4944206178188324, 0.5737122297286987, 0.8096697330474854, 0.12364951521158218]",-29.14652574944617,100,3.72
2.1428505859375,3.26894091796875,0.5405148315429688,14:23:47,"[0.34167584776878357, -0.37260404229164124, 0.8628000020980835, 0.7411882281303406, -0.457622766494751, -0.49114301800727844, 0.5778387784957886, 0.8073089122772217, 0.11981108784675598]",-29.72654052100956,100,3.72
2.142937255859375,3.275620361328125,0.5324800415039063,14:23:48,"[0.3087330758571625, -0.3351767957210541, 0.8901350498199463, 0.7370519638061523, -0.5072231292724609, -0.4466308355331421, 0.6011974215507507, 0.7939654588699341, 0.09044614434242249]",-30.33775629218819,100,3.72
2.14470849609375,3.2637919921875,0.5477205200195312,14:23:49,"[0.38222116231918335, -0.39714929461479187, 0.8343736529350281, 0.7337755560874939, -0.4183847904205322, -0.5352826714515686, 0.5616763830184937, 0.8168393969535828, 0.1315029114484787]",-29.789064086258797,100,3.72
2.144890869140625,3.263786376953125,0.5480125732421876,14:23:50,"[0.38388752937316895, -0.3987179100513458, 0.8328591585159302, 0.7323389053344727, -0.41790464520454407, -0.5376201272010803, 0.5624144673347473, 0.8163208365440369, 0.13156825304031372]",-29.789064086258797,100,3.72
2.1454697265625,3.2635947265625,0.5483494262695312,14:23:51,"[0.38502252101898193, -0.399834543466568, 0.8317992687225342, 0.7315611243247986, -0.41724562644958496, -0.5391886830329895, 0.5626508593559265, 0.8161117434501648, 0.13185444474220276]",-30.30992242148166,100,3.72
2.145266845703125,3.263615234375,0.54838671875,14:23:52,"[0.38641807436943054, -0.3995639681816101, 0.8312819600105286, 0.7316775918006897, -0.41593652963638306, -0.5400413870811462, 0.5615416169166565, 0.8169121146202087, 0.13162660598754883]",-30.11439228821726,100,3.72
2.145625732421875,3.263669677734375,0.5485790405273437,14:23:53,"[0.3853572607040405, -0.4001046121120453, 0.831514298915863, 0.7314859628677368, -0.4168645739555359, -0.5395852327346802, 0.5625194311141968, 0.8161741495132446, 0.13202910125255585]",-30.11439228821726,100,3.72
2.145771728515625,3.263646728515625,0.54857958984375,14:23:54,"[0.385432630777359, -0.40024346113204956, 0.8314125537872314, 0.7312548160552979, -0.41703876852989197, -0.5397639274597168, 0.562768280506134, 0.8160170316696167, 0.1319395899772644]",-29.952045627708152,100,3.72
2.145588623046875,3.26365185546875,0.5485240478515625,14:23:55,"[0.38567277789115906, -0.4001680016517639, 0.8313375115394592, 0.7316697239875793, -0.4162592589855194, -0.5398033261299133, 0.5620639324188232, 0.8164519667625427, 0.13225096464157104]",-29.51740694490511,100,3.72
2.145611572265625,3.26365283203125,0.5485516357421875,14:23:56,"[0.3857516050338745, -0.4001361131668091, 0.8313162922859192, 0.7314735651016235, -0.4164905846118927, -0.5398907661437988, 0.5622652173042297, 0.8163496255874634, 0.13202707469463348]",-29.3610442852046,100,3.72
2.1456103515625,3.26366943359375,0.5485586547851562,14:23:57,"[0.3859228193759918, -0.39986008405685425, 0.8313696384429932, 0.731732189655304, -0.41613253951072693, -0.5398163795471191, 0.5618109703063965, 0.816667377948761, 0.13199545443058014]",-29.623592251740703,100,3.72
2.145641357421875,3.26357666015625,0.5485270385742187,14:23:58,"[0.3862105906009674, -0.39823171496391296, 0.8320173621177673, 0.7321949005126953, -0.41624367237091064, -0.5391027927398682, 0.5610097646713257, 0.8174060583114624, 0.13082551956176758]",-29.88338350101005,100,3.72
2.14547607421875,3.26372705078125,0.5486123657226563,14:23:59,"[0.38578563928604126, -0.4001341164112091, 0.8313014507293701, 0.7313746213912964, -0.4166033864021301, -0.5399377346038818, 0.5623705387115479, 0.8162930011749268, 0.13192833960056305]",-29.88338350101005,100,3.72
2.144798828125,3.263247314453125,0.5490867919921875,14:24:00,"[0.3874227702617645, -0.39324048161506653, 0.8338258266448975, 0.7267475128173828, -0.4262186586856842, -0.5386795997619629, 0.5672227740287781, 0.8146775960922241, 0.12065974622964859]",-29.498706345458324,100,3.72
2.14638037109375,3.26314013671875,0.5480267333984375,14:24:01,"[0.3864307999610901, -0.40206414461135864, 0.8300696611404419, 0.7294812202453613, -0.41747957468032837, -0.5418190956115723, 0.5643831491470337, 0.8148958086967468, 0.13197128474712372]",-30.288234352549424,100,3.72
2.182937255859375,3.126855224609375,0.9181392822265625,14:24:02,"[0.48771506547927856, -0.5768542885780334, 0.6552656888961792, 0.8370649218559265, 0.09585891664028168, -0.5386403203010559, 0.2479039579629898, 0.8112029433250427, 0.5296163558959961]",-30.45819963413925,100,3.72
2.904258056640625,2.690762939453125,1.624649658203125,14:24:03,"[-0.8340786695480347, -0.5410976409912109, 0.1073598563671112, 0.5461980104446411, -0.8373342752456665, 0.023216325789690018, 0.07733379304409027, 0.07800398021936417, 0.9939491152763367]",-30.915630063935254,100,3.72
3.696733642578125,2.48558740234375,1.5093916015625,14:24:04,"[-0.25739461183547974, -0.8746088743209839, 0.41086164116859436, 0.7960222959518433, -0.43295902013778687, -0.4229598343372345, 0.5478106737136841, 0.21818745136260986, 0.8076494932174683]",-34.97429820988566,100,3.72
2.9957529296875,2.39447509765625,1.4471207275390625,14:24:05,"[-0.6577178835868835, -0.47943997383117676, -0.5809857845306396, 0.2641514837741852, -0.8691134452819824, 0.4181695580482483, -0.70542973279953, 0.12156936526298523, 0.6982762813568115]",-28.698442750816014,100,3.72
3.20207275390625,2.717455078125,1.1824224853515626,14:24:06,"[-0.5317600965499878, -0.38429883122444153, -0.7546824812889099, 0.09168825298547745, -0.9120030403137207, 0.39980462193489075, -0.8419171571731567, 0.14340463280677795, 0.5202025175094604]",-28.698442750816014,100,3.72
3.16369140625,2.726311279296875,1.152621826171875,14:24:07,"[-0.5019993185997009, -0.3107004165649414, -0.8071319460868835, 0.19803322851657867, -0.9497424364089966, 0.24242977797985077, -0.8418904542922974, -0.038139354437589645, 0.5382990837097168]",-37.877597099982495,100,3.72
2.601789306640625,2.064648681640625,1.19449609375,14:24:08,"[0.21728500723838806, -0.5956860184669495, -0.7732692956924438, 0.9445134997367859, -0.0716133564710617, 0.32057100534439087, -0.24633607268333435, -0.8000185489654541, 0.5470730066299438]",-35.86452186186041,100,3.72
2.46504248046875,1.9910743408203124,1.1870775146484376,14:24:09,"[0.5087009072303772, -0.7867463231086731, -0.3496478497982025, 0.7893186211585999, 0.26401016116142273, 0.554323673248291, -0.34380149841308594, -0.5579685568809509, 0.7552957534790039]",-32.44688646882528,100,3.72
2.49081494140625,2.001185546875,1.17704052734375,14:24:10,"[0.5532713532447815, -0.7584502100944519, -0.344447523355484, 0.7662127614021301, 0.3011336922645569, 0.5676587820053101, -0.3268161714076996, -0.5779894590377808, 0.7477428317070007]",-31.056208698971993,100,3.72
2.492854736328125,2.349184326171875,1.2105274658203125,14:24:11,"[-0.05372007191181183, -0.9115955829620361, -0.40756306052207947, 0.7408139109611511, -0.3100605905056, 0.5958667993545532, -0.6695587635040283, -0.2699183523654938, 0.691979169845581]",-31.056208698971993,100,3.72
3.027315185546875,2.758762451171875,1.3974566650390625,14:24:12,"[-0.6486460566520691, -0.7178993225097656, -0.25274258852005005, 0.6024599671363831, -0.6872389316558838, 0.40588751435279846, -0.4650809168815613, 0.11101004481315613, 0.8782804012298584]",-33.66604306527786,100,3.72
3.350390869140625,2.908815673828125,1.095920166015625,14:24:13,"[-0.6021914482116699, -0.5607733726501465, -0.5682417750358582, 0.33316731452941895, -0.8233477473258972, 0.4594540297985077, -0.7255101799964905, 0.087359718978405, 0.6826443672180176]",-35.388398511500284,100,3.72
3.41447998046875,2.600839599609375,1.057409912109375,14:24:14,"[-0.40494945645332336, -0.5683830976486206, -0.716209888458252, 0.8619247078895569, -0.498698890209198, -0.09157081693410873, -0.30512574315071106, -0.6544005274772644, 0.6918512582778931]",-34.51012401046112,100,3.72
3.41159033203125,2.599680908203125,1.0493763427734375,14:24:15,"[-0.41206327080726624, -0.5434224009513855, -0.7313657999038696, 0.8520299792289734, -0.5142479538917542, -0.09794876724481583, -0.32287582755088806, -0.6635066866874695, 0.6749148964881897]",-33.89583105737775,100,3.72
3.4145322265625,2.59437060546875,1.0469857177734374,14:24:16,"[-0.40645283460617065, -0.534011960029602, -0.7413685321807861, 0.8559744358062744, -0.5063325762748718, -0.1045709103345871, -0.3195369243621826, -0.6770956516265869, 0.6629008650779724]",-34.184718277540455,100,3.72
3.42381689453125,2.590363037109375,1.0400731201171876,14:24:17,"[-0.4056411385536194, -0.5186458826065063, -0.7526364922523499, 0.8544313907623291, -0.5076364874839783, -0.11068952828645706, -0.3246570825576782, -0.6879764795303345, 0.6490655541419983]",-34.184718277540455,100,3.72
3.479329833984375,2.3411064453125,1.17848828125,14:24:18,"[-0.43297719955444336, -0.4874371588230133, -0.7582451701164246, 0.8761599063873291, -0.42525964975357056, -0.22693175077438354, -0.2118360996246338, -0.762600302696228, 0.6112006306648254]",-34.162756809313635,100,3.72
3.37241015625,2.49778369140625,1.0485694580078124,14:24:19,"[-0.21289792656898499, -0.3693234622478485, -0.9045853614807129, 0.6900540590286255, -0.7122770547866821, 0.12840086221694946, -0.6917368173599243, -0.5968765020370483, 0.40649545192718506]",-33.839988113216194,100,3.72
3.376880126953125,2.700912353515625,0.9877298583984375,14:24:20,"[-0.2623737156391144, -0.4108588993549347, -0.8731294274330139, 0.3808653950691223, -0.875460684299469, 0.29750657081604004, -0.8866236805915833, -0.25448688864707947, 0.3861798048019409]",-35.7168159290839,100,3.72
3.357212646484375,2.563744140625,1.0347498779296875,14:24:21,"[-0.3099691569805145, -0.4037955105304718, -0.8607370853424072, 0.5832959413528442, -0.7956908345222473, 0.16322363913059235, -0.7507895827293396, -0.45147016644477844, 0.482171893119812]",-35.41460863170713,100,3.72
3.381815185546875,2.68307568359375,1.0107329711914061,14:24:22,"[-0.2842586636543274, -0.42995935678482056, -0.856931746006012, 0.44156768918037415, -0.8520743250846863, 0.2810467779636383, -0.8510082364082336, -0.2985033690929413, 0.4320656657218933]",-34.16916845410862,100,3.72
3.419108642578125,2.858037841796875,1.0051135864257812,14:24:23,"[-0.3797089159488678, -0.43244290351867676, -0.8178106546401978, 0.06313364207744598, -0.8940704464912415, 0.443454772233963, -0.9229492545127869, 0.11675236374139786, 0.36678823828697205]",-38.222379140256635,100,3.72
3.426072021484375,2.843086669921875,0.9967782592773438,14:24:24,"[-0.35754430294036865, -0.41807112097740173, -0.8350920081138611, 0.07004037499427795, -0.9036879539489746, 0.42242446541786194, -0.9312660098075867, 0.09254530817270279, 0.3523903489112854]",-38.222379140256635,100,3.72
3.427454833984375,2.839044921875,0.9946096801757812,14:24:25,"[-0.35256150364875793, -0.4138486385345459, -0.8393030762672424, 0.0745951235294342, -0.9064686298370361, 0.4156322479248047, -0.9328107833862305, 0.08392801135778427, 0.3504570424556732]",-38.41482983880262,100,3.72
3.424654541015625,2.830666259765625,0.9885824584960937,14:24:26,"[-0.3340505361557007, -0.41241076588630676, -0.8475421071052551, 0.08476114273071289, -0.9086970090866089, 0.4087606966495514, -0.9387362599372864, 0.06470809131860733, 0.33850711584091187]",-38.73980103287578,100,3.72
3.426644775390625,2.83249072265625,0.9897785034179688,14:24:27,"[-0.33619508147239685, -0.4124981760978699, -0.8466511368751526, 0.08598577976226807, -0.9086679220199585, 0.4085695445537567, -0.9378588795661926, 0.06455911695957184, 0.3409586548805237]",-39.36911856248233,100,3.72
3.4281513671875,2.829712890625,0.9890657348632812,14:24:28,"[-0.33177450299263, -0.41200804710388184, -0.8486312627792358, 0.08786734938621521, -0.9091707468032837, 0.4070478081703186, -0.9392576813697815, 0.060481101274490356, 0.3378417193889618]",-39.26219871523913,100,3.72
3.43171728515625,2.830654541015625,0.9862353515625,14:24:29,"[-0.32564252614974976, -0.4116087257862091, -0.8511963486671448, 0.087253138422966, -0.9095081090927124, 0.406425803899765, -0.9414583444595337, 0.058079976588487625, 0.3320886790752411]",-39.15355026253085,100,3.72
3.429458984375,2.828810302734375,0.9850938720703125,14:24:30,"[-0.3239227831363678, -0.4101056456565857, -0.8525769114494324, 0.08641019463539124, -0.9102224707603455, 0.4050041139125824, -0.9421291351318359, 0.057518716901540756, 0.3302791118621826]",-39.15355026253085,100,3.72
3.428130859375,2.827899169921875,0.9853527221679688,14:24:31,"[-0.3243683874607086, -0.4066952168941498, -0.8540399074554443, 0.08011837303638458, -0.9114242792129517, 0.40359243750572205, -0.9425318241119385, 0.06248833239078522, 0.3282209634780884]",-39.71736172607221,100,3.72
3.426275634765625,2.82609716796875,0.985083984375,14:24:32,"[-0.32229113578796387, -0.4101601243019104, -0.8531688451766968, 0.0887562707066536, -0.9103821516036987, 0.40413698554039, -0.9424705505371094, 0.05452567711472511, 0.3298123776912689]",-39.94728259557053,100,3.72
3.431457763671875,2.82388671875,0.9848504638671876,14:24:33,"[-0.32334813475608826, -0.40628889203071594, -0.8546199798583984, 0.09118852019309998, -0.9123116731643677, 0.3992142379283905, -0.9418761134147644, 0.05115365609526634, 0.3320431709289551]",-39.7266673871727,100,3.72
3.432007080078125,2.823001953125,0.98555712890625,14:24:34,"[-0.3231670558452606, -0.4094836413860321, -0.8531624674797058, 0.10194096714258194, -0.9113544821739197, 0.3987995386123657, -0.9408352971076965, 0.04190666601061821, 0.33626291155815125]",-39.13164576486441,100,3.72
3.373800048828125,2.992046875,0.9605823364257813,14:24:35,"[-0.5947070121765137, -0.46016034483909607, -0.6592237949371338, 0.0952373668551445, -0.8545393347740173, 0.5105804204940796, -0.7982815504074097, 0.24086301028728485, 0.5520249605178833]",-40.55833908302118,100,3.72
3.399335693359375,2.9883330078125,0.9460870361328125,14:24:36,"[-0.5853202939033508, -0.4184696078300476, -0.694466233253479, -0.02618497610092163, -0.846314549446106, 0.5320395231246948, -0.8103792667388916, 0.3295980989933014, 0.4844074249267578]",-36.865999099799055,100,3.72
3.40726953125,2.9769873046875,0.9468009643554688,14:24:37,"[-0.575290322303772, -0.4196707606315613, -0.7020808458328247, -0.015428639017045498, -0.852622389793396, 0.5222997069358826, -0.8178038001060486, 0.3113061189651489, 0.48403045535087585]",-36.865999099799055,100,3.72
3.406937744140625,2.9722333984375,0.9481370849609375,14:24:38,"[-0.57687908411026, -0.4175606966018677, -0.7020353078842163, -0.014427346177399158, -0.8541209101676941, 0.5198743343353271, -0.816702127456665, 0.3100331723690033, 0.4867002069950104]",-35.47540682894698,100,3.72
3.40733056640625,2.9709619140625,0.946807861328125,14:24:39,"[-0.5768675804138184, -0.4156079888343811, -0.7032025456428528, -0.016510220244526863, -0.854775607585907, 0.5187350511550903, -0.816670835018158, 0.31085145473480225, 0.4862305521965027]",-35.48054133236535,100,3.72
3.41133251953125,2.974502197265625,0.9442176513671875,14:24:40,"[-0.5741223692893982, -0.41667595505714417, -0.7048153281211853, -0.027736375108361244, -0.8504310250282288, 0.5253549218177795, -0.8182995915412903, 0.3211670219898224, 0.47669437527656555]",-35.26739673066341,100,3.72
3.413193115234375,2.97267529296875,0.9453887939453125,14:24:41,"[-0.5733343958854675, -0.41746795177459717, -0.7049880623817444, -0.02244681306183338, -0.8521271347999573, 0.5228532552719116, -0.8190138936042786, 0.31559449434280396, 0.4791829586029053]",-35.69283597980661,100,3.72
3.41664599609375,2.964460205078125,0.9467684326171875,14:24:42,"[-0.5694737434387207, -0.4161021113395691, -0.7089137434959412, -0.013418043963611126, -0.8575950264930725, 0.5141505002975464, -0.8219000101089478, 0.3023074269294739, 0.4827945828437805]",-35.442355846553056,100,3.72
3.418182373046875,2.964689208984375,0.9481240234375,14:24:43,"[-0.5755875706672668, -0.41465291380882263, -0.7048133611679077, -0.014109672047197819, -0.8567395806312561, 0.5155562162399292, -0.8176184296607971, 0.3066924512386322, 0.4872780442237854]",-35.442355846553056,100,3.72
3.422603515625,2.962171142578125,0.94946044921875,14:24:44,"[-0.5780855417251587, -0.4116257429122925, -0.7045433521270752, -0.012057437561452389, -0.8590327501296997, 0.5117785930633545, -0.8158870339393616, 0.30434679985046387, 0.49163126945495605]",-35.34527443993762,100,3.72
3.424364013671875,2.95796533203125,0.9480851440429687,14:24:45,"[-0.5699764490127563, -0.4116186797618866, -0.7111237049102783, -0.012482302263379097, -0.8610332608222961, 0.5083953738212585, -0.8215661644935608, 0.2986498773097992, 0.4856307804584503]",-35.066570459764385,100,3.72
3.42535009765625,2.962510009765625,0.9483557739257813,14:24:46,"[-0.5757244229316711, -0.4103779196739197, -0.7071996927261353, -0.019050942733883858, -0.8579564094543457, 0.5133691430091858, -0.8174218535423279, 0.3090319335460663, 0.4861283600330353]",-34.806334840559536,100,3.72
3.43013720703125,2.9629599609375,0.9484376220703125,14:24:47,"[-0.5771487355232239, -0.40951967239379883, -0.7065358757972717, -0.02137611247599125, -0.8573029637336731, 0.5143682360649109, -0.8163592219352722, 0.3119699954986572, 0.48603737354278564]",-34.84578963263206,100,3.72
3.42550732421875,2.9584345703125,0.9493778076171875,14:24:48,"[-0.5691556334495544, -0.41569983959198, -0.7094050049781799, -0.0024686132092028856, -0.8619140982627869, 0.5070483088493347, -0.8222261071205139, 0.2903406322002411, 0.4895370900630951]",-34.56633235999874,100,3.72
3.41985986328125,2.943271240234375,0.9508626098632813,14:24:49,"[-0.5545469522476196, -0.4142675995826721, -0.7217063307762146, 0.010783577337861061, -0.8707812428474426, 0.4915523827075958, -0.8320825695991516, 0.2648063004016876, 0.48735636472702026]",-34.56633235999874,100,3.72
3.3834765625,2.87932470703125,1.0153796997070312,14:24:50,"[-0.5080891847610474, -0.4375276267528534, -0.7418995499610901, 0.09867651015520096, -0.8852654099464417, 0.45449763536453247, -0.8556332588195801, 0.1577172875404358, 0.49296748638153076]",-34.60544949385952,100,3.72
3.60957958984375,2.395506591796875,1.4871943359375,14:24:51,"[-0.4354572892189026, -0.7185634970664978, -0.5422577261924744, 0.8930847644805908, -0.2692033052444458, -0.3604569733142853, 0.11303363740444183, -0.6412457227706909, 0.7589645981788635]",-34.992927702145785,100,3.72
3.279271484375,2.074525390625,1.5112081298828124,14:24:52,"[-0.03299667686223984, -0.7690669298171997, -0.6383159756660461, 0.9769706130027771, 0.10988888889551163, -0.18290109932422638, 0.21080702543258667, -0.6296510696411133, 0.7477298378944397]",-33.12976398084098,100,3.72
2.600018310546875,1.69888037109375,1.52102099609375,14:24:53,"[0.6889621615409851, -0.2806978225708008, -0.6682363748550415, 0.48442575335502625, 0.8641225695610046, 0.13646921515464783, 0.5391315221786499, -0.4177330434322357, 0.7313250303268433]",-30.913625848052185,100,3.72
1.847705322265625,1.295201171875,1.4873026123046875,14:24:54,"[0.9482914209365845, 0.14130108058452606, -0.2842135727405548, -0.07645687460899353, 0.9707651734352112, 0.22752878069877625, 0.30805471539497375, -0.19403350353240967, 0.9313717484474182]",-36.16648210400595,100,3.72
0.9723934326171875,0.8687835693359375,1.3217169189453124,14:24:55,"[0.9672911167144775, 0.14440155029296875, -0.20855723321437836, -0.07743453979492188, 0.9510059952735901, 0.2993183135986328, 0.24156120419502258, -0.2733784019947052, 0.9310812950134277]",-34.99959471806645,100,3.72
0.40897628784179685,0.5079735717773437,0.5982537231445313,14:24:56,"[0.8778770565986633, 0.062050312757492065, -0.47484907507896423, 0.10464540123939514, 0.9427504539489746, 0.31665587425231934, 0.4673127830028534, -0.3276757001876831, 0.8211256861686707]",-34.99959471806645,100,3.72
0.28498095703125,0.47612637329101565,0.5031014404296875,14:24:57,"[0.9291136264801025, 0.08857936412096024, -0.35902857780456543, 0.124510757625103, 0.8392626047134399, 0.5292781591415405, 0.3482023775577545, -0.5364624857902527, 0.768741250038147]",-35.54206887306628,100,3.72
0.23045501708984376,0.5113010864257812,0.5478780517578125,14:24:58,"[0.9893544912338257, 0.14481161534786224, -0.01439686305820942, -0.13926151394844055, 0.9708369970321655, 0.19514544308185577, 0.0422363355755806, -0.19106309115886688, 0.9806686639785767]",-34.29821080934183,100,3.72
0.15073750305175782,0.7887824096679688,0.6423770141601562,14:24:59,"[0.9839836955070496, 0.17612086236476898, -0.02752300538122654, -0.1782531440258026, 0.9733471274375916, -0.1442953497171402, 0.0013760183937847614, 0.146890327334404, 0.9891518354415894]",-36.85903354809994,100,3.72
0.23773231506347656,0.7263937377929688,0.5604481811523437,14:25:00,"[0.925999641418457, 0.18652427196502686, -0.3282276391983032, -0.19594961404800415, 0.9806039333343506, 0.004439474083483219, 0.32268938422203064, 0.06020512804389, 0.9445882439613342]",-38.0526967407991,100,3.72
0.2138324432373047,0.73849755859375,0.5679855346679688,14:25:01,"[0.9805384278297424, 0.15089309215545654, -0.12560127675533295, -0.16312621533870697, 0.9821596741676331, -0.09355327486991882, 0.1092439591884613, 0.11222144216299057, 0.9876599311828613]",-35.13902438223998,100,3.72
0.17977264404296875,0.6961339111328125,0.5669021606445312,14:25:02,"[0.9924812912940979, 0.06632786989212036, -0.10286648571491241, -0.05520821735262871, 0.9926804304122925, 0.10741354525089264, 0.10923805832862854, -0.10092685371637344, 0.9888785481452942]",-35.13902438223998,100,3.72
0.029282772064208984,0.517666748046875,0.5467395629882813,14:25:04,"[0.9992491602897644, 0.03141773119568825, -0.022672923281788826, -0.02818877249956131, 0.9909980893135071, 0.13087446987628937, 0.026580601930618286, -0.13013707101345062, 0.9911396503448486]",-36.7333291596852,100,3.72
0.3003995361328125,0.7110681762695312,0.70489404296875,14:25:09,"[0.9299127459526062, -0.13930024206638336, -0.34037885069847107, 0.11093412339687347, 0.9886284470558167, -0.10152547806501389, 0.35065072774887085, 0.05665021017193794, 0.9347913265228271]",-40.81797233968828,100,3.72
0.666198486328125,0.32453988647460935,0.6746514282226562,14:25:10,"[0.6911651492118835, 0.3576218783855438, -0.628010630607605, -0.06017078831791878, 0.8944409489631653, 0.44311943650245667, 0.7201876640319824, -0.2684808075428009, 0.6397247910499573]",-38.49817070631002,100,3.72
1.2772122802734376,0.5918067626953125,0.6836614379882813,14:25:11,"[-0.027934446930885315, 0.4232982099056244, -0.9055596590042114, -0.061099790036678314, 0.903496265411377, 0.4242185056209564, 0.9977406859397888, 0.06717981398105621, 0.000624764827080071]",-32.586440559444554,100,3.72
0.9674321899414062,0.60174951171875,1.12985302734375,14:25:12,"[0.5873900651931763, 0.1825486421585083, -0.7884471416473389, 0.08258078247308731, 0.9556241035461426, 0.2827773690223694, 0.8050796985626221, -0.23121120035648346, 0.5462490320205688]",-38.56047371664441,100,3.72
1.7079775390625,0.7338931274414062,1.1302718505859375,14:25:13,"[0.45391449332237244, 0.37212440371513367, -0.8096203207969666, -0.22582970559597015, 0.9269968867301941, 0.29946231842041016, 0.8619527816772461, 0.046906035393476486, 0.504814088344574]",-37.18194561240351,100,3.72
2.604475830078125,1.3334390869140624,1.22804931640625,14:25:14,"[-0.5891379117965698, 0.7544282674789429, -0.2894037067890167, -0.6275498270988464, -0.20157402753829956, 0.7520299553871155, 0.5090163946151733, 0.6246646642684937, 0.5921962261199951]",-37.706185974933746,100,3.72
3.91270751953125,2.875096435546875,0.8800641479492187,14:25:16,"[-0.9467679858207703, 0.28849974274635315, 0.14282263815402985, 0.10112794488668442, -0.15465660393238068, 0.9827789664268494, 0.3056199550628662, 0.944907009601593, 0.11724853515625]",-31.81020748067362,100,3.72
3.909579345703125,2.915682373046875,0.847963623046875,14:25:17,"[-0.9616357684135437, 0.24107441306114197, 0.1309189647436142, 0.12828506529331207, -0.026658961549401283, 0.9913789629936218, 0.24248626828193665, 0.9701403975486755, -0.0052900356240570545]",-27.761414249068807,100,3.72
3.749629150390625,2.9277265625,0.9889511108398438,14:25:18,"[-0.9933738112449646, 0.03860482946038246, 0.10825055092573166, 0.09480336308479309, -0.25719788670539856, 0.9616972208023071, 0.06496796756982803, 0.965587317943573, 0.2518337666988373]",-29.196321081646573,100,3.72
3.187198486328125,2.80093798828125,1.273231689453125,14:25:19,"[-0.5903561115264893, -0.8052655458450317, -0.05501839891076088, 0.45512351393699646, -0.3884042203426361, 0.801252007484436, -0.6665900349617004, 0.44798383116722107, 0.5957921147346497]",-27.484973432484942,100,3.72
2.354850830078125,2.037611328125,1.2004888916015626,14:25:20,"[0.1000383198261261, -0.8713327646255493, -0.4803869128227234, 0.5999084115028381, -0.3323603570461273, 0.7277681231498718, -0.793789803981781, -0.3609928488731384, 0.48947107791900635]",-36.87419324122355,100,3.72
1.6262052001953125,1.5514478759765624,1.3504566650390626,14:25:21,"[0.3592304289340973, -0.9318799376487732, 0.05053025111556053, 0.624480128288269, 0.2802615463733673, 0.7290254235267639, -0.6935258507728577, -0.23033297061920166, 0.6826189756393433]",-34.188124592556704,100,3.72
1.400217041015625,1.03096923828125,1.774296630859375,14:25:22,"[-0.1137842983007431, -0.964093804359436, -0.23995047807693481, 0.8987361788749695, -0.20282791554927826, 0.3887597322463989, -0.42346951365470886, -0.17141741514205933, 0.8895446062088013]",-34.188124592556704,100,3.72
0.6017437133789062,0.638005126953125,1.415039306640625,14:25:23,"[0.8123911619186401, 0.5808740258216858, 0.051048748195171356, -0.5628368258476257, 0.7582467198371887, 0.3290540277957916, 0.1524314135313034, -0.2960526943206787, 0.942930281162262]",-35.96554586673291,100,3.72
0.6085135498046875,0.5002456665039062,1.0229766845703125,14:25:24,"[0.9824404120445251, 0.17936019599437714, -0.05138853192329407, -0.1112387552857399, 0.7842065691947937, 0.6104474067687988, 0.14978918433189392, -0.5940117835998535, 0.7903879880905151]",-34.09330876496047,100,3.72
0.2897117004394531,0.4150570373535156,0.6222401123046875,14:25:25,"[0.9084361791610718, 0.2969861626625061, -0.2941817343235016, -0.14019986987113953, 0.879443347454071, 0.45488840341567993, 0.3938117027282715, -0.3719928562641144, 0.8405555486679077]",-38.10729810824904,100,3.72
0.11294428253173829,0.4918835144042969,0.5752188720703125,14:25:26,"[0.951418936252594, -0.09905266761779785, -0.291531503200531, 0.25235506892204285, 0.7933362126350403, 0.5540167093276978, 0.176405668258667, -0.6006714105606079, 0.779791533946991]",-32.46255129542917,100,3.72
0.013909946441650391,0.4794722900390625,0.55359423828125,14:25:29,"[0.9951077699661255, -0.08417702466249466, 0.051718272268772125, 0.07236435264348984, 0.9774246215820312, 0.19850565493106842, -0.06726033240556717, -0.1937919557094574, 0.9787342548370361]",-34.930507988891115,100,3.72
0.04785311126708985,0.5427847900390625,0.660270263671875,14:25:34,"[0.9607428312301636, 0.26098451018333435, 0.09412921965122223, -0.2598279118537903, 0.9653425812721252, -0.024558622390031815, -0.09727636724710464, -0.0008628772920928895, 0.9952570199966431]",-37.27719520359546,100,3.72
0.19805848693847655,0.5612713012695313,0.63678662109375,14:25:35,"[0.9400258660316467, 0.34077855944633484, -0.014877944253385067, -0.3407537043094635, 0.9401429891586304, 0.004252405371516943, 0.015436522662639618, 0.0010723434388637543, 0.9998802542686462]",-37.27719520359546,100,3.72
0.03767181777954102,0.5193056640625,0.5991800537109375,14:25:36,"[0.9713925123214722, 0.19784536957740784, 0.13135376572608948, -0.2088429182767868, 0.9749996662139893, 0.07589635998010635, -0.11305414140224457, -0.10115746408700943, 0.9884259700775146]",-36.8922700737855,100,3.72
0.014654796600341797,0.5229537353515625,0.5742523803710937,14:25:38,"[0.9984252452850342, 0.04805809631943703, 0.02893872931599617, -0.0509711429476738, 0.9926049709320068, 0.11016972362995148, -0.023430179804563522, -0.1114712730050087, 0.9934914112091064]",-37.83994749679109,100,3.72
-0.004211806297302246,0.4696023864746094,0.5712427368164062,14:25:42,"[0.9888800978660583, 0.12917646765708923, 0.0736854150891304, -0.14286385476589203, 0.9627798199653625, 0.2294447422027588, -0.04130397364497185, -0.23742032051086426, 0.9705284833908081]",-37.16680599182456,100,3.72
0.05103833770751953,0.48949838256835937,0.6125798950195313,14:25:44,"[0.8636031150817871, 0.4424838721752167, -0.24165615439414978, -0.3438278138637543, 0.8674480319023132, 0.3596058785915375, 0.3687439560890198, -0.22746865451335907, 0.9012690782546997]",-36.694129483509805,100,3.72
0.011258934020996094,0.4868361511230469,0.5774575805664063,14:25:45,"[0.9809963703155518, 0.1910151243209839, -0.03404879942536354, -0.17413689196109772, 0.9441686272621155, 0.2796818017959595, 0.08557126671075821, -0.2684376835823059, 0.9594888091087341]",-33.529950546156655,100,3.72
0.20554483032226561,0.54331298828125,0.6409739990234375,14:25:47,"[0.9060150384902954, 0.4188854694366455, 0.06059468910098076, -0.4228209853172302, 0.902193009853363, 0.08526518195867538, -0.018951762467622757, -0.10287224501371384, 0.9945140480995178]",-35.467228959655216,100,3.72
0.32632266235351565,0.5612059936523438,0.582403076171875,14:25:48,"[0.7974416017532349, 0.6018496751785278, 0.043172214180231094, -0.6024447679519653, 0.7901276350021362, 0.11295416206121445, 0.03386986628174782, -0.11608322709798813, 0.9926618337631226]",-35.467228959655216,100,3.72
0.32236639404296874,0.56028466796875,0.5822091064453125,14:25:49,"[0.7748247385025024, 0.6304730772972107, 0.04637125879526138, -0.6318509578704834, 0.7699877023696899, 0.08878818899393082, 0.02027326449751854, -0.09809500724077225, 0.9949705600738525]",-39.33374114784208,100,3.72
0.308596923828125,0.5350052490234375,0.5823546752929688,14:25:50,"[0.7812543511390686, 0.6184865236282349, 0.08435681462287903, -0.6242101788520813, 0.7736899256706238, 0.108469158411026, 0.0018206918612122536, -0.1373983770608902, 0.9905142188072205]",-38.95638141777294,100,3.72
0.30791372680664064,0.5404779052734375,0.582273681640625,14:25:51,"[0.7757530808448792, 0.6254919767379761, 0.08346808701753616, -0.6310356855392456, 0.7691583037376404, 0.10094281286001205, -0.001061254763044417, -0.1309780329465866, 0.9913846850395203]",-38.728933193511196,100,3.72
0.33282406616210936,0.5326734619140625,0.5824092407226562,14:25:52,"[0.777036190032959, 0.6271700859069824, 0.05359549820423126, -0.6276698112487793, 0.7656077146530151, 0.14098015427589417, 0.047385405749082565, -0.14318695664405823, 0.9885606169700623]",-38.951327150803465,100,3.72
0.346813720703125,0.5124202270507813,0.58214208984375,14:25:53,"[0.7656192183494568, 0.63788902759552, 0.08321534842252731, -0.6427227854728699, 0.7530618906021118, 0.14073090255260468, 0.027104385197162628, -0.1612306833267212, 0.9865444898605347]",-38.64266506607378,100,3.72
0.34651165771484377,0.5229832153320313,0.5825838623046875,14:25:54,"[0.7558902502059937, 0.6490961313247681, 0.08546441048383713, -0.6544894576072693, 0.7458853125572205, 0.12368787825107574, 0.016538672149181366, -0.1494300216436386, 0.9886339902877808]",-38.64266506607378,100,3.72
0.34453790283203123,0.5165360717773437,0.5823948974609375,14:25:55,"[0.7550326585769653, 0.649429202079773, 0.09037362039089203, -0.6554549336433411, 0.7438935041427612, 0.13038887083530426, 0.017449980601668358, -0.15768368542194366, 0.9873355031013489]",-38.27274917140361,100,3.72
0.3380700378417969,0.5142069091796875,0.582328125,14:25:56,"[0.7551866769790649, 0.6471053957939148, 0.10463135689496994, -0.6554751396179199, 0.7438238263130188, 0.1306844800710678, 0.006739335600286722, -0.16727443039417267, 0.985887348651886]",-38.02694211688764,100,3.72
0.33322308349609375,0.5127616577148437,0.5852440795898437,14:25:57,"[0.6788482666015625, 0.7236842513084412, 0.12428265810012817, -0.7337902784347534, 0.6747806072235107, 0.07888592034578323, -0.026775026693940163, -0.1447489708662033, 0.9891060590744019]",-38.30963065832482,100,3.72
0.33275259399414064,0.5033109130859375,0.5938674926757812,14:25:58,"[0.7053873538970947, 0.7034342885017395, 0.08722870796918869, -0.7082729339599609, 0.6946405172348022, 0.12579363584518433, 0.027894964441657066, -0.15051497519016266, 0.9882140755653381]",-39.051131962761104,100,3.72
0.34532522583007813,0.5018598327636719,0.5897356567382812,14:25:59,"[0.6302027702331543, 0.7538352012634277, 0.1859489232301712, -0.7749527096748352, 0.6254677772521973, 0.09076537936925888, -0.04788292571902275, -0.20130221545696259, 0.9783581495285034]",-39.37111572884669,100,3.72
0.34087213134765626,0.49679473876953123,0.589471435546875,14:26:00,"[0.6124541163444519, 0.767383337020874, 0.18979673087596893, -0.7886742353439331, 0.6094976663589478, 0.08065677434206009, -0.053786009550094604, -0.19908636808395386, 0.9785048365592957]",-39.37111572884669,100,3.72
0.345184326171875,0.4963830871582031,0.5896079711914063,14:26:01,"[0.6214444041252136, 0.7619659900665283, 0.18224896490573883, -0.7819756269454956, 0.6175571084022522, 0.08448285609483719, -0.04817607253789902, -0.19501565396785736, 0.9796162247657776]",-38.99527549772053,100,3.72
0.6428191528320313,0.53564794921875,0.5983864135742187,14:26:02,"[0.24094022810459137, 0.9614105820655823, 0.13280639052391052, -0.9695488214492798, 0.2446126788854599, -0.011821017600595951, -0.04385098069906235, -0.12591412663459778, 0.9910715222358704]",-39.013972903073714,100,3.72
0.6193052368164063,0.5543997192382812,0.6324115600585938,14:26:03,"[0.14763954281806946, 0.9859291911125183, 0.07839763164520264, -0.9875199198722839, 0.1513434201478958, -0.0435841828584671, -0.054835885763168335, -0.07098447531461716, 0.9959689974784851]",-32.882552112776494,100,3.72
0.4017048034667969,0.5295346069335938,0.9595172729492187,14:26:04,"[0.3587722182273865, 0.2763526439666748, 0.891578197479248, 0.45546141266822815, -0.8855705857276917, 0.09121225774288177, 0.8147621750831604, 0.37335506081581116, -0.4435860812664032]",-34.479894457399006,100,3.72
0.38187646484375,0.4396409912109375,0.6694856567382812,14:26:05,"[0.9759268760681152, 0.1881527602672577, 0.11029612272977829, -0.2126227170228958, 0.9333989024162292, 0.2890641391277313, -0.04856206476688385, -0.30555692315101624, 0.950934648513794]",-36.80529965705781,100,3.72
0.5638755493164063,0.6106253051757813,0.5968281860351563,14:26:06,"[0.9825682044029236, -0.14108000695705414, -0.12106256186962128, 0.16381490230560303, 0.9649429321289062, 0.20506048202514648, 0.08788853138685226, -0.22131776809692383, 0.9712332487106323]",-31.959462852223893,100,3.72
0.6402496948242188,0.5990973510742188,0.6071911010742187,14:26:07,"[0.9971920251846313, -0.018977435305714607, -0.0724426805973053, 0.017347587272524834, 0.9995835423469543, -0.023061754181981087, 0.07285016030073166, 0.021740291267633438, 0.9971058964729309]",-31.959462852223893,100,3.72
0.6356276245117187,0.5287792358398438,0.5954628295898438,14:26:08,"[0.9681269526481628, -0.060598839074373245, -0.2430184781551361, 0.06545235216617584, 0.9977842569351196, 0.01193991955369711, 0.24175646901130676, -0.027465488761663437, 0.9699481725692749]",-31.263306527109606,100,3.72
0.647569091796875,0.5181876831054687,0.6050877685546875,14:26:09,"[0.9907429218292236, 0.11665252596139908, 0.06943124532699585, -0.12636986374855042, 0.9793519377708435, 0.15779878199100494, -0.04958999902009964, -0.16511203348636627, 0.9850273132324219]",-30.329822462210394,100,3.72
0.6929619750976562,0.5338659057617188,0.5881428833007812,14:26:10,"[0.9789806604385376, 0.20308788120746613, -0.01876741833984852, -0.1996937245130539, 0.9731760621070862, 0.11423982679843903, 0.041464727371931076, -0.1080908477306366, 0.9932759404182434]",-32.311863295936774,100,3.72
0.66897314453125,0.5381043701171875,0.5862677612304688,14:26:11,"[0.9746028184890747, 0.2231658399105072, 0.01861063577234745, -0.2239401936531067, 0.971369206905365, 0.07932598143815994, -0.0003749507886823267, -0.08147899061441422, 0.9966750144958496]",-33.001136022207184,100,3.72
0.6726241455078125,0.527702880859375,0.5849536743164062,14:26:12,"[0.9750453233718872, 0.21194586157798767, -0.06607277691364288, -0.206520214676857, 0.9751367568969727, 0.08036019653081894, 0.08146200329065323, -0.06470946967601776, 0.9945735931396484]",-32.491919053584816,100,3.72
0.6488403930664063,0.5386309204101563,0.6031348266601563,14:26:13,"[0.9481533765792847, 0.3158167600631714, 0.035566601902246475, -0.3178039491176605, 0.9430213570594788, 0.09854616969823837, -0.002417535986751318, -0.10474009066820145, 0.9944967031478882]",-32.491919053584816,100,3.72
0.686515625,0.5532571411132813,0.5976280517578125,14:26:14,"[0.9340883493423462, 0.3558705449104309, -0.02889801561832428, -0.3468473553657532, 0.9236432313919067, 0.16303399205207825, 0.08471045643091202, -0.1422649621963501, 0.9861971735954285]",-33.01529225843635,100,3.72
0.6688851318359375,0.5240269775390625,0.5955023193359374,14:26:15,"[0.9611648321151733, 0.275068074464798, 0.02235335111618042, -0.2748182713985443, 0.946584165096283, 0.16868118941783905, 0.025239480659365654, -0.16827353835105896, 0.9854171872138977]",-31.79546725945385,100,3.72
0.6682041625976562,0.521494140625,0.5960969848632812,14:26:16,"[0.9518576860427856, 0.30559107661247253, 0.024105053395032883, -0.3048282265663147, 0.935310959815979, 0.1796472668647766, 0.03235287591814995, -0.17834652960300446, 0.9834356904029846]",-32.23115673432257,100,3.72
0.662710693359375,0.5192843627929687,0.5954412841796874,14:26:17,"[0.9567540287971497, 0.28964439034461975, 0.026979396119713783, -0.28973862528800964, 0.9405601620674133, 0.17719511687755585, 0.025947825983166695, -0.17734910547733307, 0.9838058948516846]",-31.431821694029104,100,3.72
0.7147205200195312,0.4939734497070313,0.59323486328125,14:26:18,"[0.9562458992004395, 0.28819242119789124, -0.0503876730799675, -0.26888126134872437, 0.9335877895355225, 0.23688963055610657, 0.11531110852956772, -0.21297642588615417, 0.9702290296554565]",-31.453757372314605,100,3.72
0.7073026733398438,0.5041315612792969,0.5949990234375,14:26:19,"[0.9613807797431946, 0.2746143341064453, -0.01827353425323963, -0.26511266827583313, 0.9418551921844482, 0.20645609498023987, 0.07390682399272919, -0.1936383843421936, 0.9782851934432983]",-32.272369897798995,100,3.72
0.68732958984375,0.5004051513671876,0.59456201171875,14:26:20,"[0.9626110196113586, 0.2696475088596344, 0.02588854543864727, -0.2690175175666809, 0.9403807520866394, 0.20811918377876282, 0.031773731112480164, -0.2073023021221161, 0.9777607917785645]",-32.272369897798995,100,3.72
